 0.00  0.00  0.00 -10.27
 0.00  -0.50  0.00 -11.45
 0.00  0.50  0.00 -9.10
 0.00  -1.00  0.00 -14.03
 0.00  -1.50  0.00 -21.67
 0.00  -2.00  0.00 -14.64
 -0.50  0.00  0.00 -10.26
 0.50  0.00  0.00 -11.34
 -0.50  -0.50  0.00 -10.58
 -0.50  0.50  0.00 -8.57
 0.50  -0.50  0.00 -13.22
 0.50  0.50  0.00 -10.88
 -0.50  -1.00  0.00 -11.39
 0.50  -1.00  0.00 -15.67
 -0.50  -1.50  0.00 -13.67
 0.50  -1.50  0.00 -17.83
 -0.50  -2.00  0.00 -12.18
 0.50  -2.00  0.00 -17.20
 -1.00  0.00  0.00 -7.74
 1.00  0.00  0.00 -14.20
 -1.00  -0.50  0.00 -8.23
 -1.00  0.50  0.00 -6.23
 1.00  -0.50  0.00 -14.07
 1.00  0.50  0.00 -12.10
 -1.00  -1.00  0.00 -10.29
 1.00  -1.00  0.00 -15.23
 -1.00  -1.50  0.00 -10.39
 1.00  -1.50  0.00 -16.05
 -1.00  -2.00  0.00 -13.56
 1.00  -2.00  0.00 -16.78
 -1.50  0.00  0.00 -8.01
 1.50  0.00  0.00 -12.74
 -1.50  -0.50  0.00 -7.56
 -1.50  0.50  0.00 -5.96
 1.50  -0.50  0.00 -12.76
 1.50  0.50  0.00 -10.34
 -1.50  -1.00  0.00 -10.52
 1.50  -1.00  0.00 -14.99
 -1.50  -1.50  0.00 -12.30
 1.50  -1.50  0.00 -15.31
 -1.50  -2.00  0.00 -13.70
 1.50  -2.00  0.00 -15.91
 -2.00  0.00  0.00 -7.77
 -2.00  -0.50  0.00 -8.30
 -2.00  0.50  0.00 -6.50
 -2.00  -1.00  0.00 -10.87
 -2.00  -1.50  0.00 -11.92
 -2.00  -2.00  0.00 -13.36
