 0.00  0.00  0.00 4.63
 0.00  -0.50  0.00 2.57
 0.00  0.50  0.00 4.35
 0.00  -1.00  0.00 0.03
 0.00  -1.50  0.00 -6.06
 0.00  -2.00  0.00 -3.45
 -0.50  0.00  0.00 4.80
 0.50  0.00  0.00 5.02
 -0.50  -0.50  0.00 3.49
 -0.50  0.50  0.00 5.05
 0.50  -0.50  0.00 3.70
 0.50  0.50  0.00 4.92
 -0.50  -1.00  0.00 2.43
 0.50  -1.00  0.00 0.20
 -0.50  -1.50  0.00 -0.03
 0.50  -1.50  0.00 -1.22
 -0.50  -2.00  0.00 -0.55
 0.50  -2.00  0.00 -3.63
 -1.00  0.00  0.00 6.75
 1.00  0.00  0.00 3.54
 -1.00  -0.50  0.00 5.73
 -1.00  0.50  0.00 5.73
 1.00  -0.50  0.00 4.40
 1.00  0.50  0.00 4.15
 -1.00  -1.00  0.00 3.47
 1.00  -1.00  0.00 1.06
 -1.00  -1.50  0.00 4.12
 1.00  -1.50  0.00 0.24
 -1.00  -2.00  0.00 1.83
 1.00  -2.00  0.00 -2.27
 -1.50  0.00  0.00 6.20
 1.50  0.00  0.00 6.04
 -1.50  -0.50  0.00 6.14
 -1.50  0.50  0.00 7.23
 1.50  -0.50  0.00 5.74
 1.50  0.50  0.00 5.36
 -1.50  -1.00  0.00 3.61
 1.50  -1.00  0.00 2.94
 -1.50  -1.50  0.00 4.20
 1.50  -1.50  0.00 1.18
 -1.50  -2.00  0.00 3.14
 1.50  -2.00  0.00 -0.46
 -2.00  0.00  0.00 9.02
 -2.00  -0.50  0.00 7.67
 -2.00  0.50  0.00 10.05
 -2.00  -1.00  0.00 4.08
 -2.00  -1.50  0.00 5.30
 -2.00  -2.00  0.00 3.27
