 0.00  0.00  0.00 15.32
 0.00  -0.50  0.00 12.94
 0.00  0.50  0.00 15.99
 0.00  -1.00  0.00 10.27
 0.00  -1.50  0.00 4.57
 0.00  -2.00  0.00 6.87
 -0.50  0.00  0.00 15.06
 0.50  0.00  0.00 15.66
 -0.50  -0.50  0.00 13.02
 -0.50  0.50  0.00 16.06
 0.50  -0.50  0.00 13.24
 0.50  0.50  0.00 15.17
 -0.50  -1.00  0.00 11.32
 0.50  -1.00  0.00 10.60
 -0.50  -1.50  0.00 9.69
 0.50  -1.50  0.00 9.28
 -0.50  -2.00  0.00 8.33
 0.50  -2.00  0.00 8.56
 -1.00  0.00  0.00 16.53
 1.00  0.00  0.00 13.29
 -1.00  -0.50  0.00 14.79
 -1.00  0.50  0.00 16.02
 1.00  -0.50  0.00 12.91
 1.00  0.50  0.00 14.82
 -1.00  -1.00  0.00 12.86
 1.00  -1.00  0.00 11.53
 -1.00  -1.50  0.00 12.07
 1.00  -1.50  0.00 11.08
 -1.00  -2.00  0.00 8.92
 1.00  -2.00  0.00 7.94
 -1.50  0.00  0.00 16.29
 1.50  0.00  0.00 15.59
 -1.50  -0.50  0.00 14.94
 -1.50  0.50  0.00 16.70
 1.50  -0.50  0.00 15.44
 1.50  0.50  0.00 16.33
 -1.50  -1.00  0.00 12.19
 1.50  -1.00  0.00 11.20
 -1.50  -1.50  0.00 11.32
 1.50  -1.50  0.00 10.96
 -1.50  -2.00  0.00 8.85
 1.50  -2.00  0.00 10.09
 -2.00  0.00  0.00 16.60
 -2.00  -0.50  0.00 13.68
 -2.00  0.50  0.00 17.40
 -2.00  -1.00  0.00 11.75
 -2.00  -1.50  0.00 12.29
 -2.00  -2.00  0.00 10.66
