 0.00  0.00  0.00 -2.09
 0.00  -0.50  0.00 -3.75
 0.00  0.50  0.00 -0.73
 0.00  -1.00  0.00 -6.55
 0.00  -1.50  0.00 -11.54
 0.00  -2.00  0.00 -14.26
 -0.50  0.00  0.00 -0.79
 0.50  0.00  0.00 -1.93
 -0.50  -0.50  0.00 -3.42
 -0.50  0.50  0.00 0.97
 0.50  -0.50  0.00 -3.53
 0.50  0.50  0.00 -1.70
 -0.50  -1.00  0.00 -4.28
 0.50  -1.00  0.00 -6.67
 -0.50  -1.50  0.00 -5.31
 0.50  -1.50  0.00 -7.23
 -0.50  -2.00  0.00 -9.58
 0.50  -2.00  0.00 -11.58
 -1.00  0.00  0.00 0.30
 1.00  0.00  0.00 -0.87
 -1.00  -0.50  0.00 -0.52
 -1.00  0.50  0.00 -0.29
 1.00  -0.50  0.00 -3.04
 1.00  0.50  0.00 -0.75
 -1.00  -1.00  0.00 -3.35
 1.00  -1.00  0.00 -5.00
 -1.00  -1.50  0.00 -5.33
 1.00  -1.50  0.00 -7.79
 -1.00  -2.00  0.00 -5.10
 1.00  -2.00  0.00 -8.69
 -1.50  0.00  0.00 1.42
 1.50  0.00  0.00 -1.33
 -1.50  -0.50  0.00 -0.35
 -1.50  0.50  0.00 2.20
 1.50  -0.50  0.00 -2.95
 1.50  0.50  0.00 0.40
 -1.50  -1.00  0.00 -2.50
 1.50  -1.00  0.00 -5.11
 -1.50  -1.50  0.00 -4.41
 1.50  -1.50  0.00 -5.74
 -1.50  -2.00  0.00 -4.87
 1.50  -2.00  0.00 -6.33
 -2.00  0.00  0.00 1.22
 -2.00  -0.50  0.00 -1.44
 -2.00  0.50  0.00 1.12
 -2.00  -1.00  0.00 -2.72
 -2.00  -1.50  0.00 -1.89
 -2.00  -2.00  0.00 -2.37
