 0.00  0.00  0.00 14.97
 0.00  -0.50  0.00 13.59
 0.00  0.50  0.00 14.67
 0.00  -1.00  0.00 9.42
 0.00  -1.50  0.00 4.41
 0.00  -2.00  0.00 8.48
 -0.50  0.00  0.00 13.93
 0.50  0.00  0.00 15.57
 -0.50  -0.50  0.00 12.79
 -0.50  0.50  0.00 14.72
 0.50  -0.50  0.00 14.06
 0.50  0.50  0.00 14.89
 -0.50  -1.00  0.00 10.42
 0.50  -1.00  0.00 11.26
 -0.50  -1.50  0.00 9.24
 0.50  -1.50  0.00 10.87
 -0.50  -2.00  0.00 7.98
 0.50  -2.00  0.00 11.52
 -1.00  0.00  0.00 15.25
 1.00  0.00  0.00 13.94
 -1.00  -0.50  0.00 14.00
 -1.00  0.50  0.00 14.46
 1.00  -0.50  0.00 13.71
 1.00  0.50  0.00 15.78
 -1.00  -1.00  0.00 11.69
 1.00  -1.00  0.00 12.61
 -1.00  -1.50  0.00 11.15
 1.00  -1.50  0.00 13.26
 -1.00  -2.00  0.00 7.71
 1.00  -2.00  0.00 10.80
 -1.50  0.00  0.00 13.47
 1.50  0.00  0.00 15.73
 -1.50  -0.50  0.00 14.20
 -1.50  0.50  0.00 14.41
 1.50  -0.50  0.00 17.20
 1.50  0.50  0.00 17.26
 -1.50  -1.00  0.00 10.14
 1.50  -1.00  0.00 14.17
 -1.50  -1.50  0.00 9.51
 1.50  -1.50  0.00 13.06
 -1.50  -2.00  0.00 6.73
 1.50  -2.00  0.00 12.34
 -2.00  0.00  0.00 13.96
 -2.00  -0.50  0.00 13.43
 -2.00  0.50  0.00 15.09
 -2.00  -1.00  0.00 8.92
 -2.00  -1.50  0.00 10.21
 -2.00  -2.00  0.00 7.50
