 0.00  0.00  0.00 1.05
 0.00  -0.50  0.00 -1.95
 0.00  0.50  0.00 0.39
 0.00  -1.00  0.00 -4.19
 0.00  -1.50  0.00 -10.36
 0.00  -2.00  0.00 -7.99
 -0.50  0.00  0.00 1.82
 0.50  0.00  0.00 1.84
 -0.50  -0.50  0.00 -0.17
 -0.50  0.50  0.00 2.00
 0.50  -0.50  0.00 -0.23
 0.50  0.50  0.00 0.93
 -0.50  -1.00  0.00 -1.37
 0.50  -1.00  0.00 -3.93
 -0.50  -1.50  0.00 -2.47
 0.50  -1.50  0.00 -6.04
 -0.50  -2.00  0.00 -4.56
 0.50  -2.00  0.00 -8.19
 -1.00  0.00  0.00 4.47
 1.00  0.00  0.00 0.66
 -1.00  -0.50  0.00 2.44
 -1.00  0.50  0.00 2.57
 1.00  -0.50  0.00 0.06
 1.00  0.50  0.00 -0.18
 -1.00  -1.00  0.00 0.71
 1.00  -1.00  0.00 -2.94
 -1.00  -1.50  0.00 -0.09
 1.00  -1.50  0.00 -4.90
 -1.00  -2.00  0.00 -0.53
 1.00  -2.00  0.00 -6.45
 -1.50  0.00  0.00 4.06
 1.50  0.00  0.00 2.14
 -1.50  -0.50  0.00 3.22
 -1.50  0.50  0.00 4.55
 1.50  -0.50  0.00 1.37
 1.50  0.50  0.00 1.44
 -1.50  -1.00  0.00 1.62
 1.50  -1.00  0.00 -0.68
 -1.50  -1.50  0.00 0.71
 1.50  -1.50  0.00 -3.33
 -1.50  -2.00  0.00 0.37
 1.50  -2.00  0.00 -4.86
 -2.00  0.00  0.00 6.67
 -2.00  -0.50  0.00 3.86
 -2.00  0.50  0.00 5.62
 -2.00  -1.00  0.00 1.27
 -2.00  -1.50  0.00 2.04
 -2.00  -2.00  0.00 0.16
