 0.00  0.00  0.00 -17.63
 0.00  -0.50  0.00 -18.93
 0.00  0.50  0.00 -15.58
 0.00  -1.00  0.00 -21.46
 0.00  -1.50  0.00 -28.96
 0.00  -2.00  0.00 -27.30
 -0.50  0.00  0.00 -13.95
 0.50  0.00  0.00 -17.86
 -0.50  -0.50  0.00 -15.13
 -0.50  0.50  0.00 -13.04
 0.50  -0.50  0.00 -19.19
 0.50  0.50  0.00 -15.84
 -0.50  -1.00  0.00 -15.83
 0.50  -1.00  0.00 -22.22
 -0.50  -1.50  0.00 -17.58
 0.50  -1.50  0.00 -25.58
 -0.50  -2.00  0.00 -20.28
 0.50  -2.00  0.00 -27.45
 -1.00  0.00  0.00 -10.29
 1.00  0.00  0.00 -16.75
 -1.00  -0.50  0.00 -11.12
 -1.00  0.50  0.00 -11.05
 1.00  -0.50  0.00 -19.20
 1.00  0.50  0.00 -17.04
 -1.00  -1.00  0.00 -13.90
 1.00  -1.00  0.00 -22.18
 -1.00  -1.50  0.00 -16.40
 1.00  -1.50  0.00 -26.07
 -1.00  -2.00  0.00 -15.50
 1.00  -2.00  0.00 -25.86
 -1.50  0.00  0.00 -9.86
 1.50  0.00  0.00 -18.94
 -1.50  -0.50  0.00 -10.90
 -1.50  0.50  0.00 -8.96
 1.50  -0.50  0.00 -20.20
 1.50  0.50  0.00 -16.82
 -1.50  -1.00  0.00 -12.40
 1.50  -1.00  0.00 -22.37
 -1.50  -1.50  0.00 -13.19
 1.50  -1.50  0.00 -23.77
 -1.50  -2.00  0.00 -14.25
 1.50  -2.00  0.00 -26.01
 -2.00  0.00  0.00 -9.09
 -2.00  -0.50  0.00 -10.02
 -2.00  0.50  0.00 -8.46
 -2.00  -1.00  0.00 -10.71
 -2.00  -1.50  0.00 -12.03
 -2.00  -2.00  0.00 -13.24
