 0.00  0.00  0.00 14.29
 0.00  -0.50  0.00 16.49
 0.00  0.50  0.00 15.42
 0.00  -1.00  0.00 10.36
 0.00  -1.50  0.00 4.89
 0.00  -2.00  0.00 9.94
 -0.50  0.00  0.00 14.08
 0.50  0.00  0.00 14.58
 -0.50  -0.50  0.00 15.73
 -0.50  0.50  0.00 16.29
 0.50  -0.50  0.00 16.19
 0.50  0.50  0.00 16.29
 -0.50  -1.00  0.00 11.46
 0.50  -1.00  0.00 11.32
 -0.50  -1.50  0.00 10.26
 0.50  -1.50  0.00 11.56
 -0.50  -2.00  0.00 10.04
 0.50  -2.00  0.00 10.54
 -1.00  0.00  0.00 14.40
 1.00  0.00  0.00 12.02
 -1.00  -0.50  0.00 16.44
 -1.00  0.50  0.00 15.41
 1.00  -0.50  0.00 16.23
 1.00  0.50  0.00 15.07
 -1.00  -1.00  0.00 11.39
 1.00  -1.00  0.00 12.58
 -1.00  -1.50  0.00 12.23
 1.00  -1.50  0.00 12.78
 -1.00  -2.00  0.00 8.37
 1.00  -2.00  0.00 9.91
 -1.50  0.00  0.00 12.51
 1.50  0.00  0.00 14.60
 -1.50  -0.50  0.00 16.43
 -1.50  0.50  0.00 14.34
 1.50  -0.50  0.00 19.67
 1.50  0.50  0.00 16.70
 -1.50  -1.00  0.00 10.47
 1.50  -1.00  0.00 12.64
 -1.50  -1.50  0.00 11.29
 1.50  -1.50  0.00 12.10
 -1.50  -2.00  0.00 8.63
 1.50  -2.00  0.00 11.45
 -2.00  0.00  0.00 13.09
 -2.00  -0.50  0.00 15.57
 -2.00  0.50  0.00 16.28
 -2.00  -1.00  0.00 10.37
 -2.00  -1.50  0.00 11.13
 -2.00  -2.00  0.00 8.97
