 0.00  0.00  0.00 14.85
 0.00  -0.50  0.00 12.98
 0.00  0.50  0.00 15.23
 0.00  -1.00  0.00 9.71
 0.00  -1.50  0.00 4.45
 0.00  -2.00  0.00 8.05
 -0.50  0.00  0.00 14.47
 0.50  0.00  0.00 15.08
 -0.50  -0.50  0.00 13.30
 -0.50  0.50  0.00 15.52
 0.50  -0.50  0.00 13.91
 0.50  0.50  0.00 14.63
 -0.50  -1.00  0.00 11.58
 0.50  -1.00  0.00 10.62
 -0.50  -1.50  0.00 10.08
 0.50  -1.50  0.00 9.60
 -0.50  -2.00  0.00 10.23
 0.50  -2.00  0.00 9.27
 -1.00  0.00  0.00 15.51
 1.00  0.00  0.00 12.89
 -1.00  -0.50  0.00 15.34
 -1.00  0.50  0.00 15.65
 1.00  -0.50  0.00 14.13
 1.00  0.50  0.00 14.06
 -1.00  -1.00  0.00 12.58
 1.00  -1.00  0.00 11.69
 -1.00  -1.50  0.00 12.94
 1.00  -1.50  0.00 11.40
 -1.00  -2.00  0.00 10.05
 1.00  -2.00  0.00 8.95
 -1.50  0.00  0.00 14.47
 1.50  0.00  0.00 15.44
 -1.50  -0.50  0.00 16.26
 -1.50  0.50  0.00 16.45
 1.50  -0.50  0.00 16.91
 1.50  0.50  0.00 15.51
 -1.50  -1.00  0.00 12.26
 1.50  -1.00  0.00 11.87
 -1.50  -1.50  0.00 12.90
 1.50  -1.50  0.00 11.57
 -1.50  -2.00  0.00 10.63
 1.50  -2.00  0.00 10.65
 -2.00  0.00  0.00 15.48
 -2.00  -0.50  0.00 16.66
 -2.00  0.50  0.00 18.14
 -2.00  -1.00  0.00 12.69
 -2.00  -1.50  0.00 12.33
 -2.00  -2.00  0.00 11.23
