 0.00  0.00  0.00 14.83
 0.00  -0.50  0.00 12.88
 0.00  0.50  0.00 15.62
 0.00  -1.00  0.00 10.11
 0.00  -1.50  0.00 4.48
 0.00  -2.00  0.00 7.36
 -0.50  0.00  0.00 14.83
 0.50  0.00  0.00 15.62
 -0.50  -0.50  0.00 12.59
 -0.50  0.50  0.00 15.63
 0.50  -0.50  0.00 13.25
 0.50  0.50  0.00 15.11
 -0.50  -1.00  0.00 10.39
 0.50  -1.00  0.00 11.53
 -0.50  -1.50  0.00 8.61
 0.50  -1.50  0.00 10.48
 -0.50  -2.00  0.00 7.25
 0.50  -2.00  0.00 9.80
 -1.00  0.00  0.00 15.29
 1.00  0.00  0.00 15.01
 -1.00  -0.50  0.00 13.96
 -1.00  0.50  0.00 14.91
 1.00  -0.50  0.00 13.44
 1.00  0.50  0.00 16.47
 -1.00  -1.00  0.00 11.06
 1.00  -1.00  0.00 12.74
 -1.00  -1.50  0.00 10.63
 1.00  -1.50  0.00 12.28
 -1.00  -2.00  0.00 6.72
 1.00  -2.00  0.00 9.76
 -1.50  0.00  0.00 12.53
 1.50  0.00  0.00 16.36
 -1.50  -0.50  0.00 13.11
 -1.50  0.50  0.00 15.10
 1.50  -0.50  0.00 15.54
 1.50  0.50  0.00 17.75
 -1.50  -1.00  0.00 9.74
 1.50  -1.00  0.00 13.78
 -1.50  -1.50  0.00 9.51
 1.50  -1.50  0.00 13.72
 -1.50  -2.00  0.00 6.19
 1.50  -2.00  0.00 11.35
 -2.00  0.00  0.00 13.64
 -2.00  -0.50  0.00 12.91
 -2.00  0.50  0.00 15.12
 -2.00  -1.00  0.00 8.87
 -2.00  -1.50  0.00 9.57
 -2.00  -2.00  0.00 7.72
