 0.00  0.00  0.00 2.05
 0.00  -0.25  0.00 -0.13
 0.00  0.25  0.00 2.17
 0.00  -0.50  0.00 -0.02
 0.00  0.50  0.00 2.75
 0.00  -0.75  0.00 -1.34
 0.00  -1.00  0.00 -2.57
 0.00  -1.25  0.00 -4.65
 0.00  -1.50  0.00 -7.47
 0.00  -1.75  0.00 -10.87
 0.00  -2.00  0.00 -11.00
 -0.25  0.00  0.00 2.24
 0.25  0.00  0.00 2.38
 -0.25  -0.25  0.00 2.21
 -0.25  0.25  0.00 3.56
 0.25  -0.25  0.00 0.73
 0.25  0.25  0.00 2.67
 -0.25  -0.50  0.00 0.99
 -0.25  0.50  0.00 4.06
 0.25  -0.50  0.00 -0.53
 0.25  0.50  0.00 2.63
 -0.25  -0.75  0.00 -0.53
 0.25  -0.75  0.00 -1.51
 -0.25  -1.00  0.00 -1.88
 0.25  -1.00  0.00 -2.70
 -0.25  -1.25  0.00 -2.97
 0.25  -1.25  0.00 -3.79
 -0.25  -1.50  0.00 -7.10
 0.25  -1.50  0.00 -5.40
 -0.25  -1.75  0.00 -9.96
 0.25  -1.75  0.00 -6.87
 -0.25  -2.00  0.00 -10.98
 0.25  -2.00  0.00 -8.51
 -0.50  0.00  0.00 2.98
 0.50  0.00  0.00 3.19
 -0.50  -0.25  0.00 1.56
 -0.50  0.25  0.00 2.53
 0.50  -0.25  0.00 1.81
 0.50  0.25  0.00 1.93
 -0.50  -0.50  0.00 -0.07
 -0.50  0.50  0.00 3.82
 0.50  -0.50  0.00 1.05
 0.50  0.50  0.00 2.36
 -0.50  -0.75  0.00 -1.32
 0.50  -0.75  0.00 -0.28
 -0.50  -1.00  0.00 -3.12
 0.50  -1.00  0.00 -1.11
 -0.50  -1.25  0.00 -4.22
 0.50  -1.25  0.00 -0.78
 -0.50  -1.50  0.00 -5.42
 0.50  -1.50  0.00 -2.44
 -0.50  -1.75  0.00 -7.59
 0.50  -1.75  0.00 -4.18
 -0.50  -2.00  0.00 -9.78
 0.50  -2.00  0.00 -5.59
 -0.75  0.00  0.00 2.20
 0.75  0.00  0.00 2.95
 -0.75  -0.25  0.00 1.27
 -0.75  0.25  0.00 2.76
 0.75  -0.25  0.00 1.90
 0.75  0.25  0.00 4.32
 -0.75  -0.50  0.00 -0.19
 -0.75  0.50  0.00 3.35
 0.75  -0.50  0.00 2.54
 0.75  0.50  0.00 4.44
 -0.75  -0.75  0.00 -0.95
 0.75  -0.75  0.00 2.55
 -0.75  -1.00  0.00 -1.79
 0.75  -1.00  0.00 0.96
 -0.75  -1.25  0.00 -3.39
 0.75  -1.25  0.00 0.12
 -0.75  -1.50  0.00 -5.20
 0.75  -1.50  0.00 -1.46
 -0.75  -1.75  0.00 -7.10
 0.75  -1.75  0.00 -3.47
 -0.75  -2.00  0.00 -8.64
 0.75  -2.00  0.00 -3.84
 -1.00  0.00  0.00 2.82
 1.00  0.00  0.00 4.92
 -1.00  -0.25  0.00 1.95
 -1.00  0.25  0.00 2.55
 1.00  -0.25  0.00 3.96
 1.00  0.25  0.00 4.68
 -1.00  -0.50  0.00 0.36
 -1.00  0.50  0.00 2.31
 1.00  -0.50  0.00 2.40
 1.00  0.50  0.00 4.98
 -1.00  -0.75  0.00 -0.69
 1.00  -0.75  0.00 1.18
 -1.00  -1.00  0.00 -3.02
 1.00  -1.00  0.00 0.87
 -1.00  -1.25  0.00 -4.13
 1.00  -1.25  0.00 1.14
 -1.00  -1.50  0.00 -5.03
 1.00  -1.50  0.00 -0.82
 -1.00  -1.75  0.00 -5.09
 1.00  -1.75  0.00 -2.16
 -1.00  -2.00  0.00 -6.38
 1.00  -2.00  0.00 -0.93
 -1.25  0.00  0.00 1.82
 1.25  0.00  0.00 4.19
 -1.25  -0.25  0.00 1.38
 -1.25  0.25  0.00 3.60
 1.25  -0.25  0.00 3.08
 1.25  0.25  0.00 4.20
 -1.25  -0.50  0.00 -0.12
 -1.25  0.50  0.00 2.65
 1.25  -0.50  0.00 2.86
 1.25  0.50  0.00 5.76
 -1.25  -0.75  0.00 -1.22
 1.25  -0.75  0.00 3.52
 -1.25  -1.00  0.00 -2.92
 1.25  -1.00  0.00 1.75
 -1.25  -1.25  0.00 -4.54
 1.25  -1.25  0.00 1.39
 -1.25  -1.50  0.00 -3.14
 1.25  -1.50  0.00 -0.09
 -1.25  -1.75  0.00 -6.69
 1.25  -1.75  0.00 -0.33
 -1.25  -2.00  0.00 -8.60
 1.25  -2.00  0.00 -1.52
 -1.50  0.00  0.00 1.21
 1.50  0.00  0.00 4.91
 -1.50  -0.25  0.00 1.77
 -1.50  0.25  0.00 2.52
 1.50  -0.25  0.00 5.10
 1.50  0.25  0.00 4.51
 -1.50  -0.50  0.00 -0.72
 -1.50  0.50  0.00 3.81
 1.50  -0.50  0.00 3.46
 1.50  0.50  0.00 5.65
 -1.50  -0.75  0.00 -2.72
 1.50  -0.75  0.00 2.06
 -1.50  -1.00  0.00 -2.66
 1.50  -1.00  0.00 1.31
 -1.50  -1.25  0.00 -3.38
 1.50  -1.25  0.00 1.33
 -1.50  -1.50  0.00 -4.79
 1.50  -1.50  0.00 1.46
 -1.50  -1.75  0.00 -6.78
 1.50  -1.75  0.00 1.05
 -1.50  -2.00  0.00 -6.63
 1.50  -2.00  0.00 0.30
 -1.75  0.00  0.00 1.31
 -1.75  -0.25  0.00 -0.45
 -1.75  0.25  0.00 1.40
 -1.75  -0.50  0.00 -1.56
 -1.75  0.50  0.00 2.64
 -1.75  -0.75  0.00 -1.31
 -1.75  -1.00  0.00 -2.40
 -1.75  -1.25  0.00 -3.78
 -1.75  -1.50  0.00 -4.47
 -1.75  -1.75  0.00 -5.51
 -1.75  -2.00  0.00 -4.43
 -2.00  0.00  0.00 0.98
 -2.00  -0.25  0.00 0.60
 -2.00  0.25  0.00 1.41
 -2.00  -0.50  0.00 -1.44
 -2.00  0.50  0.00 2.37
 -2.00  -0.75  0.00 -2.23
 -2.00  -1.00  0.00 -3.95
 -2.00  -1.25  0.00 -3.63
 -2.00  -1.50  0.00 -4.42
 -2.00  -1.75  0.00 -4.92
 -2.00  -2.00  0.00 -4.75
