 0.00  0.00  0.00 -48.08
 0.00  -0.50  0.00 -46.69
 0.00  0.50  0.00 -47.68
 0.00  -1.00  0.00 -52.48
 0.00  -1.50  0.00 -57.78
 0.00  -2.00  0.00 -53.33
 -0.50  0.00  0.00 -48.51
 0.50  0.00  0.00 -47.93
 -0.50  -0.50  0.00 -47.20
 -0.50  0.50  0.00 -47.47
 0.50  -0.50  0.00 -47.23
 0.50  0.50  0.00 -47.28
 -0.50  -1.00  0.00 -50.70
 0.50  -1.00  0.00 -51.54
 -0.50  -1.50  0.00 -53.00
 0.50  -1.50  0.00 -52.14
 -0.50  -2.00  0.00 -53.69
 0.50  -2.00  0.00 -53.18
 -1.00  0.00  0.00 -48.77
 1.00  0.00  0.00 -50.67
 -1.00  -0.50  0.00 -47.03
 -1.00  0.50  0.00 -47.75
 1.00  -0.50  0.00 -46.63
 1.00  0.50  0.00 -48.30
 -1.00  -1.00  0.00 -51.43
 1.00  -1.00  0.00 -50.74
 -1.00  -1.50  0.00 -51.29
 1.00  -1.50  0.00 -51.09
 -1.00  -2.00  0.00 -55.17
 1.00  -2.00  0.00 -53.71
 -1.50  0.00  0.00 -50.73
 1.50  0.00  0.00 -48.30
 -1.50  -0.50  0.00 -46.87
 -1.50  0.50  0.00 -48.83
 1.50  -0.50  0.00 -42.86
 1.50  0.50  0.00 -47.42
 -1.50  -1.00  0.00 -52.89
 1.50  -1.00  0.00 -50.78
 -1.50  -1.50  0.00 -52.10
 1.50  -1.50  0.00 -51.00
 -1.50  -2.00  0.00 -55.05
 1.50  -2.00  0.00 -51.22
 -2.00  0.00  0.00 -49.72
 -2.00  -0.50  0.00 -47.04
 -2.00  0.50  0.00 -47.78
 -2.00  -1.00  0.00 -52.83
 -2.00  -1.50  0.00 -52.52
 -2.00  -2.00  0.00 -53.91
