 0.00  0.00  0.00 1.98
 0.00  -0.25  0.00 1.00
 0.00  0.25  0.00 3.22
 0.00  -0.50  0.00 0.69
 0.00  0.50  0.00 3.60
 0.00  -0.75  0.00 -0.84
 0.00  -1.00  0.00 -2.53
 0.00  -1.25  0.00 -4.48
 0.00  -1.50  0.00 -6.24
 0.00  -1.75  0.00 -9.78
 0.00  -2.00  0.00 -9.74
 -0.25  0.00  0.00 2.14
 0.25  0.00  0.00 1.92
 -0.25  -0.25  0.00 1.83
 -0.25  0.25  0.00 2.32
 0.25  -0.25  0.00 1.28
 0.25  0.25  0.00 2.32
 -0.25  -0.50  0.00 0.88
 -0.25  0.50  0.00 3.43
 0.25  -0.50  0.00 0.07
 0.25  0.50  0.00 2.91
 -0.25  -0.75  0.00 -0.05
 0.25  -0.75  0.00 -0.45
 -0.25  -1.00  0.00 -1.67
 0.25  -1.00  0.00 -2.54
 -0.25  -1.25  0.00 -3.73
 0.25  -1.25  0.00 -3.22
 -0.25  -1.50  0.00 -8.68
 0.25  -1.50  0.00 -3.98
 -0.25  -1.75  0.00 -10.30
 0.25  -1.75  0.00 -4.71
 -0.25  -2.00  0.00 -9.91
 0.25  -2.00  0.00 -6.08
 -0.50  0.00  0.00 2.70
 0.50  0.00  0.00 1.96
 -0.50  -0.25  0.00 2.00
 -0.50  0.25  0.00 3.27
 0.50  -0.25  0.00 2.09
 0.50  0.25  0.00 2.43
 -0.50  -0.50  0.00 0.42
 -0.50  0.50  0.00 4.24
 0.50  -0.50  0.00 1.63
 0.50  0.50  0.00 2.41
 -0.50  -0.75  0.00 -0.37
 0.50  -0.75  0.00 0.39
 -0.50  -1.00  0.00 -2.40
 0.50  -1.00  0.00 -1.54
 -0.50  -1.25  0.00 -4.49
 0.50  -1.25  0.00 -0.88
 -0.50  -1.50  0.00 -7.18
 0.50  -1.50  0.00 -1.65
 -0.50  -1.75  0.00 -8.47
 0.50  -1.75  0.00 -1.43
 -0.50  -2.00  0.00 -10.49
 0.50  -2.00  0.00 -3.22
 -0.75  0.00  0.00 2.17
 0.75  0.00  0.00 2.66
 -0.75  -0.25  0.00 1.38
 -0.75  0.25  0.00 2.69
 0.75  -0.25  0.00 2.53
 0.75  0.25  0.00 3.22
 -0.75  -0.50  0.00 0.58
 -0.75  0.50  0.00 3.27
 0.75  -0.50  0.00 1.98
 0.75  0.50  0.00 3.61
 -0.75  -0.75  0.00 -1.60
 0.75  -0.75  0.00 2.26
 -0.75  -1.00  0.00 -2.37
 0.75  -1.00  0.00 1.34
 -0.75  -1.25  0.00 -4.12
 0.75  -1.25  0.00 1.37
 -0.75  -1.50  0.00 -6.66
 0.75  -1.50  0.00 0.03
 -0.75  -1.75  0.00 -8.20
 0.75  -1.75  0.00 -0.95
 -0.75  -2.00  0.00 -8.86
 0.75  -2.00  0.00 -2.46
 -1.00  0.00  0.00 1.61
 1.00  0.00  0.00 3.08
 -1.00  -0.25  0.00 0.77
 -1.00  0.25  0.00 2.32
 1.00  -0.25  0.00 3.02
 1.00  0.25  0.00 3.00
 -1.00  -0.50  0.00 0.04
 -1.00  0.50  0.00 3.15
 1.00  -0.50  0.00 3.48
 1.00  0.50  0.00 3.86
 -1.00  -0.75  0.00 -3.02
 1.00  -0.75  0.00 2.71
 -1.00  -1.00  0.00 -3.82
 1.00  -1.00  0.00 1.14
 -1.00  -1.25  0.00 -6.04
 1.00  -1.25  0.00 1.77
 -1.00  -1.50  0.00 -5.79
 1.00  -1.50  0.00 -0.14
 -1.00  -1.75  0.00 -6.66
 1.00  -1.75  0.00 -0.39
 -1.00  -2.00  0.00 -7.84
 1.00  -2.00  0.00 -0.17
 -1.25  0.00  0.00 0.24
 1.25  0.00  0.00 3.53
 -1.25  -0.25  0.00 0.02
 -1.25  0.25  0.00 2.11
 1.25  -0.25  0.00 3.25
 1.25  0.25  0.00 2.56
 -1.25  -0.50  0.00 -1.71
 -1.25  0.50  0.00 3.38
 1.25  -0.50  0.00 2.61
 1.25  0.50  0.00 4.21
 -1.25  -0.75  0.00 -3.76
 1.25  -0.75  0.00 3.03
 -1.25  -1.00  0.00 -3.91
 1.25  -1.00  0.00 3.13
 -1.25  -1.25  0.00 -4.75
 1.25  -1.25  0.00 2.31
 -1.25  -1.50  0.00 -5.37
 1.25  -1.50  0.00 0.59
 -1.25  -1.75  0.00 -7.61
 1.25  -1.75  0.00 0.54
 -1.25  -2.00  0.00 -11.77
 1.25  -2.00  0.00 0.09
 -1.50  0.00  0.00 -1.34
 1.50  0.00  0.00 3.57
 -1.50  -0.25  0.00 0.74
 -1.50  0.25  0.00 1.20
 1.50  -0.25  0.00 4.06
 1.50  0.25  0.00 3.73
 -1.50  -0.50  0.00 -1.36
 -1.50  0.50  0.00 1.27
 1.50  -0.50  0.00 3.27
 1.50  0.50  0.00 5.41
 -1.50  -0.75  0.00 -4.43
 1.50  -0.75  0.00 2.01
 -1.50  -1.00  0.00 -4.67
 1.50  -1.00  0.00 2.34
 -1.50  -1.25  0.00 -4.86
 1.50  -1.25  0.00 2.50
 -1.50  -1.50  0.00 -6.68
 1.50  -1.50  0.00 1.53
 -1.50  -1.75  0.00 -10.14
 1.50  -1.75  0.00 2.29
 -1.50  -2.00  0.00 -9.65
 1.50  -2.00  0.00 1.18
 -1.75  0.00  0.00 -0.42
 -1.75  -0.25  0.00 -2.02
 -1.75  0.25  0.00 0.36
 -1.75  -0.50  0.00 -2.30
 -1.75  0.50  0.00 0.81
 -1.75  -0.75  0.00 -3.74
 -1.75  -1.00  0.00 -4.54
 -1.75  -1.25  0.00 -5.53
 -1.75  -1.50  0.00 -8.04
 -1.75  -1.75  0.00 -8.49
 -1.75  -2.00  0.00 -6.00
 -2.00  0.00  0.00 -0.33
 -2.00  -0.25  0.00 -0.25
 -2.00  0.25  0.00 -0.45
 -2.00  -0.50  0.00 -1.54
 -2.00  0.50  0.00 1.45
 -2.00  -0.75  0.00 -4.32
 -2.00  -1.00  0.00 -5.49
 -2.00  -1.25  0.00 -8.47
 -2.00  -1.50  0.00 -6.95
 -2.00  -1.75  0.00 -6.63
 -2.00  -2.00  0.00 -7.23
