 0.00  0.00  0.00 15.15
 0.00  -0.50  0.00 12.81
 0.00  0.50  0.00 15.31
 0.00  -1.00  0.00 9.80
 0.00  -1.50  0.00 4.50
 0.00  -2.00  0.00 8.06
 -0.50  0.00  0.00 14.83
 0.50  0.00  0.00 15.12
 -0.50  -0.50  0.00 13.72
 -0.50  0.50  0.00 15.79
 0.50  -0.50  0.00 13.86
 0.50  0.50  0.00 15.08
 -0.50  -1.00  0.00 11.76
 0.50  -1.00  0.00 10.99
 -0.50  -1.50  0.00 9.97
 0.50  -1.50  0.00 9.68
 -0.50  -2.00  0.00 10.22
 0.50  -2.00  0.00 9.12
 -1.00  0.00  0.00 15.34
 1.00  0.00  0.00 12.99
 -1.00  -0.50  0.00 15.83
 -1.00  0.50  0.00 15.51
 1.00  -0.50  0.00 14.05
 1.00  0.50  0.00 14.57
 -1.00  -1.00  0.00 12.76
 1.00  -1.00  0.00 11.86
 -1.00  -1.50  0.00 13.20
 1.00  -1.50  0.00 11.30
 -1.00  -2.00  0.00 10.62
 1.00  -2.00  0.00 8.88
 -1.50  0.00  0.00 14.48
 1.50  0.00  0.00 15.40
 -1.50  -0.50  0.00 16.35
 -1.50  0.50  0.00 16.41
 1.50  -0.50  0.00 16.63
 1.50  0.50  0.00 15.52
 -1.50  -1.00  0.00 12.43
 1.50  -1.00  0.00 11.91
 -1.50  -1.50  0.00 12.77
 1.50  -1.50  0.00 11.54
 -1.50  -2.00  0.00 10.68
 1.50  -2.00  0.00 10.67
 -2.00  0.00  0.00 15.91
 -2.00  -0.50  0.00 16.77
 -2.00  0.50  0.00 18.05
 -2.00  -1.00  0.00 12.84
 -2.00  -1.50  0.00 12.70
 -2.00  -2.00  0.00 11.65
