 0.00  0.00  0.00 15.34
 0.00  -0.50  0.00 12.87
 0.00  0.50  0.00 15.46
 0.00  -1.00  0.00 9.71
 0.00  -1.50  0.00 4.19
 0.00  -2.00  0.00 7.12
 -0.50  0.00  0.00 14.74
 0.50  0.00  0.00 15.16
 -0.50  -0.50  0.00 12.49
 -0.50  0.50  0.00 15.90
 0.50  -0.50  0.00 12.88
 0.50  0.50  0.00 15.21
 -0.50  -1.00  0.00 11.34
 0.50  -1.00  0.00 10.54
 -0.50  -1.50  0.00 9.45
 0.50  -1.50  0.00 8.89
 -0.50  -2.00  0.00 8.15
 0.50  -2.00  0.00 8.50
 -1.00  0.00  0.00 16.21
 1.00  0.00  0.00 13.52
 -1.00  -0.50  0.00 14.65
 -1.00  0.50  0.00 15.90
 1.00  -0.50  0.00 12.81
 1.00  0.50  0.00 15.14
 -1.00  -1.00  0.00 12.89
 1.00  -1.00  0.00 11.37
 -1.00  -1.50  0.00 12.10
 1.00  -1.50  0.00 11.26
 -1.00  -2.00  0.00 8.75
 1.00  -2.00  0.00 7.93
 -1.50  0.00  0.00 15.83
 1.50  0.00  0.00 15.33
 -1.50  -0.50  0.00 15.13
 -1.50  0.50  0.00 16.60
 1.50  -0.50  0.00 15.31
 1.50  0.50  0.00 15.95
 -1.50  -1.00  0.00 11.94
 1.50  -1.00  0.00 11.71
 -1.50  -1.50  0.00 11.46
 1.50  -1.50  0.00 11.05
 -1.50  -2.00  0.00 8.64
 1.50  -2.00  0.00 10.03
 -2.00  0.00  0.00 16.31
 -2.00  -0.50  0.00 13.86
 -2.00  0.50  0.00 17.51
 -2.00  -1.00  0.00 11.64
 -2.00  -1.50  0.00 12.19
 -2.00  -2.00  0.00 10.32
