 0.00  0.00  0.00 14.97
 0.00  -0.50  0.00 13.11
 0.00  0.50  0.00 15.28
 0.00  -1.00  0.00 9.67
 0.00  -1.50  0.00 4.27
 0.00  -2.00  0.00 7.91
 -0.50  0.00  0.00 14.51
 0.50  0.00  0.00 14.82
 -0.50  -0.50  0.00 13.52
 -0.50  0.50  0.00 15.78
 0.50  -0.50  0.00 13.76
 0.50  0.50  0.00 14.99
 -0.50  -1.00  0.00 11.25
 0.50  -1.00  0.00 10.75
 -0.50  -1.50  0.00 10.26
 0.50  -1.50  0.00 9.91
 -0.50  -2.00  0.00 10.53
 0.50  -2.00  0.00 9.24
 -1.00  0.00  0.00 15.54
 1.00  0.00  0.00 13.02
 -1.00  -0.50  0.00 15.61
 -1.00  0.50  0.00 15.42
 1.00  -0.50  0.00 14.16
 1.00  0.50  0.00 14.53
 -1.00  -1.00  0.00 12.95
 1.00  -1.00  0.00 12.12
 -1.00  -1.50  0.00 12.99
 1.00  -1.50  0.00 11.52
 -1.00  -2.00  0.00 10.84
 1.00  -2.00  0.00 8.66
 -1.50  0.00  0.00 14.54
 1.50  0.00  0.00 15.49
 -1.50  -0.50  0.00 16.15
 -1.50  0.50  0.00 16.36
 1.50  -0.50  0.00 16.57
 1.50  0.50  0.00 15.59
 -1.50  -1.00  0.00 12.49
 1.50  -1.00  0.00 12.25
 -1.50  -1.50  0.00 12.93
 1.50  -1.50  0.00 11.70
 -1.50  -2.00  0.00 11.24
 1.50  -2.00  0.00 10.49
 -2.00  0.00  0.00 15.87
 -2.00  -0.50  0.00 16.50
 -2.00  0.50  0.00 18.34
 -2.00  -1.00  0.00 12.79
 -2.00  -1.50  0.00 12.63
 -2.00  -2.00  0.00 11.49
