 0.00  0.00  0.00 -18.37
 0.00  -0.50  0.00 -19.56
 0.00  0.50  0.00 -17.74
 0.00  -1.00  0.00 -22.91
 0.00  -1.50  0.00 -28.30
 0.00  -2.00  0.00 -30.84
 -0.50  0.00  0.00 -15.68
 0.50  0.00  0.00 -17.85
 -0.50  -0.50  0.00 -18.29
 -0.50  0.50  0.00 -13.76
 0.50  -0.50  0.00 -20.75
 0.50  0.50  0.00 -17.70
 -0.50  -1.00  0.00 -20.05
 0.50  -1.00  0.00 -21.44
 -0.50  -1.50  0.00 -22.47
 0.50  -1.50  0.00 -24.59
 -0.50  -2.00  0.00 -26.11
 0.50  -2.00  0.00 -28.28
 -1.00  0.00  0.00 -14.93
 1.00  0.00  0.00 -15.33
 -1.00  -0.50  0.00 -15.65
 -1.00  0.50  0.00 -13.95
 1.00  -0.50  0.00 -19.43
 1.00  0.50  0.00 -13.92
 -1.00  -1.00  0.00 -18.13
 1.00  -1.00  0.00 -22.11
 -1.00  -1.50  0.00 -20.71
 1.00  -1.50  0.00 -23.96
 -1.00  -2.00  0.00 -21.49
 1.00  -2.00  0.00 -23.66
 -1.50  0.00  0.00 -14.24
 1.50  0.00  0.00 -17.19
 -1.50  -0.50  0.00 -16.49
 -1.50  0.50  0.00 -12.83
 1.50  -0.50  0.00 -18.65
 1.50  0.50  0.00 -15.18
 -1.50  -1.00  0.00 -16.90
 1.50  -1.00  0.00 -21.06
 -1.50  -1.50  0.00 -18.80
 1.50  -1.50  0.00 -21.26
 -1.50  -2.00  0.00 -19.17
 1.50  -2.00  0.00 -22.12
 -2.00  0.00  0.00 -13.02
 -2.00  -0.50  0.00 -15.88
 -2.00  0.50  0.00 -13.31
 -2.00  -1.00  0.00 -17.03
 -2.00  -1.50  0.00 -17.29
 -2.00  -2.00  0.00 -17.99
