 0.00  0.00  0.00 7.93
 0.00  -0.50  0.00 5.63
 0.00  0.50  0.00 7.19
 0.00  -1.00  0.00 2.45
 0.00  -1.50  0.00 -2.58
 0.00  -2.00  0.00 -0.39
 -0.50  0.00  0.00 7.03
 0.50  0.00  0.00 8.24
 -0.50  -0.50  0.00 5.34
 -0.50  0.50  0.00 7.47
 0.50  -0.50  0.00 6.90
 0.50  0.50  0.00 7.04
 -0.50  -1.00  0.00 2.84
 0.50  -1.00  0.00 4.06
 -0.50  -1.50  0.00 0.67
 0.50  -1.50  0.00 4.69
 -0.50  -2.00  0.00 -2.29
 0.50  -2.00  0.00 4.68
 -1.00  0.00  0.00 7.52
 1.00  0.00  0.00 8.18
 -1.00  -0.50  0.00 6.23
 -1.00  0.50  0.00 7.46
 1.00  -0.50  0.00 8.25
 1.00  0.50  0.00 8.45
 -1.00  -1.00  0.00 2.76
 1.00  -1.00  0.00 6.13
 -1.00  -1.50  0.00 2.55
 1.00  -1.50  0.00 6.98
 -1.00  -2.00  0.00 -2.96
 1.00  -2.00  0.00 5.64
 -1.50  0.00  0.00 4.78
 1.50  0.00  0.00 9.96
 -1.50  -0.50  0.00 6.90
 -1.50  0.50  0.00 6.72
 1.50  -0.50  0.00 9.43
 1.50  0.50  0.00 10.17
 -1.50  -1.00  0.00 2.23
 1.50  -1.00  0.00 7.82
 -1.50  -1.50  0.00 -0.12
 1.50  -1.50  0.00 7.27
 -1.50  -2.00  0.00 -2.34
 1.50  -2.00  0.00 7.52
 -2.00  0.00  0.00 7.27
 -2.00  -0.50  0.00 4.49
 -2.00  0.50  0.00 8.28
 -2.00  -1.00  0.00 1.51
 -2.00  -1.50  0.00 1.51
 -2.00  -2.00  0.00 -1.19
