 0.00  0.00  0.00 14.04
 0.00  -0.50  0.00 16.52
 0.00  0.50  0.00 15.67
 0.00  -1.00  0.00 10.33
 0.00  -1.50  0.00 4.88
 0.00  -2.00  0.00 9.98
 -0.50  0.00  0.00 14.09
 0.50  0.00  0.00 14.59
 -0.50  -0.50  0.00 15.37
 -0.50  0.50  0.00 16.04
 0.50  -0.50  0.00 16.22
 0.50  0.50  0.00 16.09
 -0.50  -1.00  0.00 11.07
 0.50  -1.00  0.00 11.27
 -0.50  -1.50  0.00 10.26
 0.50  -1.50  0.00 11.22
 -0.50  -2.00  0.00 9.96
 0.50  -2.00  0.00 10.63
 -1.00  0.00  0.00 14.24
 1.00  0.00  0.00 12.43
 -1.00  -0.50  0.00 15.90
 -1.00  0.50  0.00 15.28
 1.00  -0.50  0.00 16.39
 1.00  0.50  0.00 15.17
 -1.00  -1.00  0.00 11.41
 1.00  -1.00  0.00 12.67
 -1.00  -1.50  0.00 12.04
 1.00  -1.50  0.00 12.79
 -1.00  -2.00  0.00 8.49
 1.00  -2.00  0.00 9.88
 -1.50  0.00  0.00 12.63
 1.50  0.00  0.00 14.47
 -1.50  -0.50  0.00 16.21
 -1.50  0.50  0.00 14.47
 1.50  -0.50  0.00 19.40
 1.50  0.50  0.00 17.01
 -1.50  -1.00  0.00 10.47
 1.50  -1.00  0.00 12.71
 -1.50  -1.50  0.00 11.12
 1.50  -1.50  0.00 11.88
 -1.50  -2.00  0.00 8.66
 1.50  -2.00  0.00 11.51
 -2.00  0.00  0.00 13.21
 -2.00  -0.50  0.00 15.94
 -2.00  0.50  0.00 16.01
 -2.00  -1.00  0.00 10.24
 -2.00  -1.50  0.00 10.77
 -2.00  -2.00  0.00 9.20
