 0.00  0.00  0.00 4.63
 0.00  -0.50  0.00 1.60
 0.00  0.50  0.00 4.66
 0.00  -1.00  0.00 -0.32
 0.00  -1.50  0.00 -5.99
 0.00  -2.00  0.00 -5.30
 -0.50  0.00  0.00 5.46
 0.50  0.00  0.00 4.94
 -0.50  -0.50  0.00 2.57
 -0.50  0.50  0.00 5.94
 0.50  -0.50  0.00 2.06
 0.50  0.50  0.00 4.89
 -0.50  -1.00  0.00 1.48
 0.50  -1.00  0.00 0.69
 -0.50  -1.50  0.00 -0.24
 0.50  -1.50  0.00 -1.67
 -0.50  -2.00  0.00 -3.86
 0.50  -2.00  0.00 -3.97
 -1.00  0.00  0.00 6.51
 1.00  0.00  0.00 4.08
 -1.00  -0.50  0.00 4.06
 -1.00  0.50  0.00 6.32
 1.00  -0.50  0.00 2.25
 1.00  0.50  0.00 4.17
 -1.00  -1.00  0.00 1.96
 1.00  -1.00  0.00 0.96
 -1.00  -1.50  0.00 1.46
 1.00  -1.50  0.00 -0.32
 -1.00  -2.00  0.00 -1.19
 1.00  -2.00  0.00 -1.78
 -1.50  0.00  0.00 6.70
 1.50  0.00  0.00 5.81
 -1.50  -0.50  0.00 4.50
 -1.50  0.50  0.00 7.36
 1.50  -0.50  0.00 4.21
 1.50  0.50  0.00 5.95
 -1.50  -1.00  0.00 2.77
 1.50  -1.00  0.00 0.83
 -1.50  -1.50  0.00 0.89
 1.50  -1.50  0.00 0.98
 -1.50  -2.00  0.00 -0.59
 1.50  -2.00  0.00 -0.34
 -2.00  0.00  0.00 8.20
 -2.00  -0.50  0.00 3.76
 -2.00  0.50  0.00 8.34
 -2.00  -1.00  0.00 1.25
 -2.00  -1.50  0.00 2.77
 -2.00  -2.00  0.00 0.75
