 0.00  0.00  0.00 1.20
 0.00  -0.25  0.00 -0.63
 0.00  0.25  0.00 1.98
 0.00  -0.50  0.00 -1.04
 0.00  0.50  0.00 2.18
 0.00  -0.75  0.00 -2.33
 0.00  -1.00  0.00 -3.98
 0.00  -1.25  0.00 -5.90
 0.00  -1.50  0.00 -9.45
 0.00  -1.75  0.00 -12.08
 0.00  -2.00  0.00 -11.59
 -0.25  0.00  0.00 1.71
 0.25  0.00  0.00 1.09
 -0.25  -0.25  0.00 1.12
 -0.25  0.25  0.00 2.09
 0.25  -0.25  0.00 0.11
 0.25  0.25  0.00 2.08
 -0.25  -0.50  0.00 1.31
 -0.25  0.50  0.00 3.24
 0.25  -0.50  0.00 -1.59
 0.25  0.50  0.00 2.09
 -0.25  -0.75  0.00 -0.13
 0.25  -0.75  0.00 -2.54
 -0.25  -1.00  0.00 -1.82
 0.25  -1.00  0.00 -3.85
 -0.25  -1.25  0.00 -2.78
 0.25  -1.25  0.00 -5.50
 -0.25  -1.50  0.00 -4.27
 0.25  -1.50  0.00 -9.58
 -0.25  -1.75  0.00 -6.86
 0.25  -1.75  0.00 -10.42
 -0.25  -2.00  0.00 -8.52
 0.25  -2.00  0.00 -11.29
 -0.50  0.00  0.00 2.83
 0.50  0.00  0.00 1.13
 -0.50  -0.25  0.00 1.75
 -0.50  0.25  0.00 2.73
 0.50  -0.25  0.00 0.53
 0.50  0.25  0.00 2.10
 -0.50  -0.50  0.00 1.60
 -0.50  0.50  0.00 3.91
 0.50  -0.50  0.00 -1.06
 0.50  0.50  0.00 2.58
 -0.50  -0.75  0.00 1.10
 0.50  -0.75  0.00 -2.86
 -0.50  -1.00  0.00 0.21
 0.50  -1.00  0.00 -3.40
 -0.50  -1.25  0.00 -2.32
 0.50  -1.25  0.00 -5.34
 -0.50  -1.50  0.00 -2.90
 0.50  -1.50  0.00 -7.20
 -0.50  -1.75  0.00 -3.47
 0.50  -1.75  0.00 -8.12
 -0.50  -2.00  0.00 -5.33
 0.50  -2.00  0.00 -9.91
 -0.75  0.00  0.00 3.90
 0.75  0.00  0.00 0.90
 -0.75  -0.25  0.00 3.21
 -0.75  0.25  0.00 4.02
 0.75  -0.25  0.00 0.28
 0.75  0.25  0.00 1.61
 -0.75  -0.50  0.00 2.52
 -0.75  0.50  0.00 4.60
 0.75  -0.50  0.00 -1.23
 0.75  0.50  0.00 2.47
 -0.75  -0.75  0.00 0.97
 0.75  -0.75  0.00 -2.14
 -0.75  -1.00  0.00 0.62
 0.75  -1.00  0.00 -2.75
 -0.75  -1.25  0.00 0.44
 0.75  -1.25  0.00 -5.32
 -0.75  -1.50  0.00 -0.87
 0.75  -1.50  0.00 -6.96
 -0.75  -1.75  0.00 -3.30
 0.75  -1.75  0.00 -9.31
 -0.75  -2.00  0.00 -4.96
 0.75  -2.00  0.00 -10.03
 -1.00  0.00  0.00 3.25
 1.00  0.00  0.00 1.07
 -1.00  -0.25  0.00 3.69
 -1.00  0.25  0.00 3.05
 1.00  -0.25  0.00 -0.28
 1.00  0.25  0.00 1.19
 -1.00  -0.50  0.00 3.98
 -1.00  0.50  0.00 3.58
 1.00  -0.50  0.00 -0.60
 1.00  0.50  0.00 2.11
 -1.00  -0.75  0.00 2.36
 1.00  -0.75  0.00 -1.75
 -1.00  -1.00  0.00 1.08
 1.00  -1.00  0.00 -3.80
 -1.00  -1.25  0.00 -0.16
 1.00  -1.25  0.00 -5.51
 -1.00  -1.50  0.00 -0.94
 1.00  -1.50  0.00 -7.04
 -1.00  -1.75  0.00 -1.40
 1.00  -1.75  0.00 -7.75
 -1.00  -2.00  0.00 -1.20
 1.00  -2.00  0.00 -7.78
 -1.25  0.00  0.00 4.49
 1.25  0.00  0.00 0.16
 -1.25  -0.25  0.00 4.06
 -1.25  0.25  0.00 4.98
 1.25  -0.25  0.00 0.08
 1.25  0.25  0.00 0.70
 -1.25  -0.50  0.00 4.17
 -1.25  0.50  0.00 3.75
 1.25  -0.50  0.00 -1.75
 1.25  0.50  0.00 2.93
 -1.25  -0.75  0.00 2.60
 1.25  -0.75  0.00 -3.78
 -1.25  -1.00  0.00 -0.52
 1.25  -1.00  0.00 -5.32
 -1.25  -1.25  0.00 0.12
 1.25  -1.25  0.00 -4.77
 -1.25  -1.50  0.00 -1.27
 1.25  -1.50  0.00 -5.72
 -1.25  -1.75  0.00 -1.27
 1.25  -1.75  0.00 -5.33
 -1.25  -2.00  0.00 -3.82
 1.25  -2.00  0.00 -9.01
 -1.50  0.00  0.00 3.93
 1.50  0.00  0.00 1.14
 -1.50  -0.25  0.00 3.83
 -1.50  0.25  0.00 4.41
 1.50  -0.25  0.00 0.24
 1.50  0.25  0.00 1.84
 -1.50  -0.50  0.00 2.55
 -1.50  0.50  0.00 5.54
 1.50  -0.50  0.00 -1.97
 1.50  0.50  0.00 2.32
 -1.50  -0.75  0.00 1.19
 1.50  -0.75  0.00 -4.71
 -1.50  -1.00  0.00 0.50
 1.50  -1.00  0.00 -4.97
 -1.50  -1.25  0.00 -0.57
 1.50  -1.25  0.00 -6.56
 -1.50  -1.50  0.00 0.02
 1.50  -1.50  0.00 -4.76
 -1.50  -1.75  0.00 -2.04
 1.50  -1.75  0.00 -6.64
 -1.50  -2.00  0.00 -1.68
 1.50  -2.00  0.00 -5.92
 -1.75  0.00  0.00 3.96
 -1.75  -0.25  0.00 3.18
 -1.75  0.25  0.00 3.46
 -1.75  -0.50  0.00 2.88
 -1.75  0.50  0.00 5.01
 -1.75  -0.75  0.00 1.20
 -1.75  -1.00  0.00 1.20
 -1.75  -1.25  0.00 1.36
 -1.75  -1.50  0.00 0.25
 -1.75  -1.75  0.00 -0.68
 -1.75  -2.00  0.00 -0.66
 -2.00  0.00  0.00 3.68
 -2.00  -0.25  0.00 2.75
 -2.00  0.25  0.00 3.77
 -2.00  -0.50  0.00 1.44
 -2.00  0.50  0.00 5.32
 -2.00  -0.75  0.00 2.20
 -2.00  -1.00  0.00 1.30
 -2.00  -1.25  0.00 0.98
 -2.00  -1.50  0.00 0.14
 -2.00  -1.75  0.00 -0.01
 -2.00  -2.00  0.00 0.02
