 0.00  0.00  0.00 4.08
 0.00  -0.50  0.00 1.73
 0.00  0.50  0.00 3.32
 0.00  -1.00  0.00 -1.35
 0.00  -1.50  0.00 -6.79
 0.00  -2.00  0.00 -4.19
 -0.50  0.00  0.00 4.23
 0.50  0.00  0.00 3.75
 -0.50  -0.50  0.00 1.75
 -0.50  0.50  0.00 3.63
 0.50  -0.50  0.00 2.84
 0.50  0.50  0.00 2.51
 -0.50  -1.00  0.00 -0.57
 0.50  -1.00  0.00 -0.03
 -0.50  -1.50  0.00 -3.73
 0.50  -1.50  0.00 0.82
 -0.50  -2.00  0.00 -5.62
 0.50  -2.00  0.00 0.90
 -1.00  0.00  0.00 3.81
 1.00  0.00  0.00 3.13
 -1.00  -0.50  0.00 2.15
 -1.00  0.50  0.00 3.42
 1.00  -0.50  0.00 2.94
 1.00  0.50  0.00 4.43
 -1.00  -1.00  0.00 -1.24
 1.00  -1.00  0.00 1.40
 -1.00  -1.50  0.00 -1.31
 1.00  -1.50  0.00 3.19
 -1.00  -2.00  0.00 -6.18
 1.00  -2.00  0.00 2.28
 -1.50  0.00  0.00 1.40
 1.50  0.00  0.00 5.75
 -1.50  -0.50  0.00 3.14
 -1.50  0.50  0.00 3.19
 1.50  -0.50  0.00 5.87
 1.50  0.50  0.00 6.23
 -1.50  -1.00  0.00 -1.09
 1.50  -1.00  0.00 3.46
 -1.50  -1.50  0.00 -4.39
 1.50  -1.50  0.00 2.93
 -1.50  -2.00  0.00 -5.79
 1.50  -2.00  0.00 4.56
 -2.00  0.00  0.00 4.19
 -2.00  -0.50  0.00 0.59
 -2.00  0.50  0.00 5.41
 -2.00  -1.00  0.00 -2.53
 -2.00  -1.50  0.00 -1.71
 -2.00  -2.00  0.00 -5.23
