 0.00  0.00  0.00 0.29
 0.00  -0.50  0.00 -1.49
 0.00  0.50  0.00 1.24
 0.00  -1.00  0.00 -3.95
 0.00  -1.50  0.00 -9.37
 0.00  -2.00  0.00 -8.90
 -0.50  0.00  0.00 -0.65
 0.50  0.00  0.00 0.07
 -0.50  -0.50  0.00 -1.53
 -0.50  0.50  0.00 1.01
 0.50  -0.50  0.00 0.04
 0.50  0.50  0.00 0.18
 -0.50  -1.00  0.00 -5.67
 0.50  -1.00  0.00 -2.81
 -0.50  -1.50  0.00 -7.57
 0.50  -1.50  0.00 -2.63
 -0.50  -2.00  0.00 -12.00
 0.50  -2.00  0.00 -2.94
 -1.00  0.00  0.00 -1.90
 1.00  0.00  0.00 0.50
 -1.00  -0.50  0.00 -2.41
 -1.00  0.50  0.00 0.02
 1.00  -0.50  0.00 1.39
 1.00  0.50  0.00 2.22
 -1.00  -1.00  0.00 -5.92
 1.00  -1.00  0.00 -0.89
 -1.00  -1.50  0.00 -6.78
 1.00  -1.50  0.00 -0.08
 -1.00  -2.00  0.00 -9.96
 1.00  -2.00  0.00 -0.36
 -1.50  0.00  0.00 -2.95
 1.50  0.00  0.00 1.15
 -1.50  -0.50  0.00 -3.00
 -1.50  0.50  0.00 -1.03
 1.50  -0.50  0.00 1.55
 1.50  0.50  0.00 2.28
 -1.50  -1.00  0.00 -6.74
 1.50  -1.00  0.00 1.06
 -1.50  -1.50  0.00 -8.29
 1.50  -1.50  0.00 0.64
 -1.50  -2.00  0.00 -12.17
 1.50  -2.00  0.00 0.54
 -2.00  0.00  0.00 -3.91
 -2.00  -0.50  0.00 -3.81
 -2.00  0.50  0.00 -0.79
 -2.00  -1.00  0.00 -8.00
 -2.00  -1.50  0.00 -9.15
 -2.00  -2.00  0.00 -9.83
