 0.00  0.00  0.00 -0.32
 0.00  -0.50  0.00 -0.94
 0.00  0.50  0.00 0.47
 0.00  -1.00  0.00 -3.87
 0.00  -1.50  0.00 -10.61
 0.00  -2.00  0.00 -4.88
 -0.50  0.00  0.00 -0.99
 0.50  0.00  0.00 -0.54
 -0.50  -0.50  0.00 -2.11
 -0.50  0.50  0.00 0.57
 0.50  -0.50  0.00 -0.92
 0.50  0.50  0.00 0.40
 -0.50  -1.00  0.00 -4.17
 0.50  -1.00  0.00 -4.51
 -0.50  -1.50  0.00 -7.49
 0.50  -1.50  0.00 -6.58
 -0.50  -2.00  0.00 -7.50
 0.50  -2.00  0.00 -6.79
 -1.00  0.00  0.00 -1.45
 1.00  0.00  0.00 -3.55
 -1.00  -0.50  0.00 -1.96
 -1.00  0.50  0.00 -0.53
 1.00  -0.50  0.00 -1.41
 1.00  0.50  0.00 -0.38
 -1.00  -1.00  0.00 -4.26
 1.00  -1.00  0.00 -2.80
 -1.00  -1.50  0.00 -3.97
 1.00  -1.50  0.00 -5.10
 -1.00  -2.00  0.00 -8.24
 1.00  -2.00  0.00 -6.50
 -1.50  0.00  0.00 -2.27
 1.50  0.00  0.00 -1.47
 -1.50  -0.50  0.00 -2.22
 -1.50  0.50  0.00 -1.50
 1.50  -0.50  0.00 -0.90
 1.50  0.50  0.00 0.42
 -1.50  -1.00  0.00 -6.50
 1.50  -1.00  0.00 -3.76
 -1.50  -1.50  0.00 -6.68
 1.50  -1.50  0.00 -4.65
 -1.50  -2.00  0.00 -8.61
 1.50  -2.00  0.00 -4.93
 -2.00  0.00  0.00 -2.86
 -2.00  -0.50  0.00 -2.41
 -2.00  0.50  0.00 0.52
 -2.00  -1.00  0.00 -5.37
 -2.00  -1.50  0.00 -5.78
 -2.00  -2.00  0.00 -7.44
