 0.00  0.00  0.00 -0.27
 0.00  -0.50  0.00 -2.87
 0.00  0.50  0.00 0.69
 0.00  -1.00  0.00 -5.21
 0.00  -1.50  0.00 -11.11
 0.00  -2.00  0.00 -10.00
 -0.50  0.00  0.00 -0.51
 0.50  0.00  0.00 -0.82
 -0.50  -0.50  0.00 -0.79
 -0.50  0.50  0.00 0.13
 0.50  -0.50  0.00 -1.46
 0.50  0.50  0.00 1.00
 -0.50  -1.00  0.00 -2.42
 0.50  -1.00  0.00 -5.21
 -0.50  -1.50  0.00 -1.78
 0.50  -1.50  0.00 -7.76
 -0.50  -2.00  0.00 -2.96
 0.50  -2.00  0.00 -11.38
 -1.00  0.00  0.00 0.98
 1.00  0.00  0.00 -1.94
 -1.00  -0.50  0.00 1.92
 -1.00  0.50  0.00 1.04
 1.00  -0.50  0.00 -1.25
 1.00  0.50  0.00 0.11
 -1.00  -1.00  0.00 -0.95
 1.00  -1.00  0.00 -4.59
 -1.00  -1.50  0.00 -0.38
 1.00  -1.50  0.00 -7.46
 -1.00  -2.00  0.00 -1.04
 1.00  -2.00  0.00 -9.36
 -1.50  0.00  0.00 1.13
 1.50  0.00  0.00 -1.07
 -1.50  -0.50  0.00 2.19
 -1.50  0.50  0.00 1.73
 1.50  -0.50  0.00 -2.01
 1.50  0.50  0.00 -0.93
 -1.50  -1.00  0.00 -0.15
 1.50  -1.00  0.00 -5.63
 -1.50  -1.50  0.00 -0.29
 1.50  -1.50  0.00 -6.34
 -1.50  -2.00  0.00 -0.60
 1.50  -2.00  0.00 -8.44
 -2.00  0.00  0.00 1.71
 -2.00  -0.50  0.00 1.38
 -2.00  0.50  0.00 3.45
 -2.00  -1.00  0.00 -0.45
 -2.00  -1.50  0.00 0.65
 -2.00  -2.00  0.00 -0.01
