 0.00  0.00  0.00 2.56
 0.00  -0.25  0.00 1.60
 0.00  0.25  0.00 3.45
 0.00  -0.50  0.00 1.86
 0.00  0.50  0.00 4.15
 0.00  -0.75  0.00 -0.12
 0.00  -1.00  0.00 -1.17
 0.00  -1.25  0.00 -4.25
 0.00  -1.50  0.00 -8.52
 0.00  -1.75  0.00 -6.81
 0.00  -2.00  0.00 -5.22
 -0.25  0.00  0.00 2.71
 0.25  0.00  0.00 1.81
 -0.25  -0.25  0.00 2.39
 -0.25  0.25  0.00 4.25
 0.25  -0.25  0.00 1.39
 0.25  0.25  0.00 3.51
 -0.25  -0.50  0.00 2.61
 -0.25  0.50  0.00 4.14
 0.25  -0.50  0.00 0.64
 0.25  0.50  0.00 3.37
 -0.25  -0.75  0.00 0.74
 0.25  -0.75  0.00 -1.00
 -0.25  -1.00  0.00 -0.04
 0.25  -1.00  0.00 -2.50
 -0.25  -1.25  0.00 -2.44
 0.25  -1.25  0.00 -5.33
 -0.25  -1.50  0.00 -5.85
 0.25  -1.50  0.00 -7.34
 -0.25  -1.75  0.00 -4.85
 0.25  -1.75  0.00 -7.06
 -0.25  -2.00  0.00 -2.89
 0.25  -2.00  0.00 -5.76
 -0.50  0.00  0.00 3.17
 0.50  0.00  0.00 1.50
 -0.50  -0.25  0.00 3.16
 -0.50  0.25  0.00 4.49
 0.50  -0.25  0.00 1.72
 0.50  0.25  0.00 3.37
 -0.50  -0.50  0.00 3.02
 -0.50  0.50  0.00 4.68
 0.50  -0.50  0.00 1.32
 0.50  0.50  0.00 3.59
 -0.50  -0.75  0.00 2.28
 0.50  -0.75  0.00 -0.70
 -0.50  -1.00  0.00 0.51
 0.50  -1.00  0.00 -2.21
 -0.50  -1.25  0.00 -1.12
 0.50  -1.25  0.00 -4.10
 -0.50  -1.50  0.00 -2.49
 0.50  -1.50  0.00 -4.97
 -0.50  -1.75  0.00 -2.95
 0.50  -1.75  0.00 -4.63
 -0.50  -2.00  0.00 -3.63
 0.50  -2.00  0.00 -5.99
 -0.75  0.00  0.00 3.79
 0.75  0.00  0.00 1.19
 -0.75  -0.25  0.00 3.40
 -0.75  0.25  0.00 4.84
 0.75  -0.25  0.00 0.13
 0.75  0.25  0.00 2.00
 -0.75  -0.50  0.00 2.79
 -0.75  0.50  0.00 5.44
 0.75  -0.50  0.00 0.86
 0.75  0.50  0.00 2.66
 -0.75  -0.75  0.00 1.89
 0.75  -0.75  0.00 -0.24
 -0.75  -1.00  0.00 1.01
 0.75  -1.00  0.00 -1.35
 -0.75  -1.25  0.00 -0.45
 0.75  -1.25  0.00 -2.96
 -0.75  -1.50  0.00 -2.14
 0.75  -1.50  0.00 -4.23
 -0.75  -1.75  0.00 -2.19
 0.75  -1.75  0.00 -6.11
 -0.75  -2.00  0.00 -3.07
 0.75  -2.00  0.00 -5.87
 -1.00  0.00  0.00 3.28
 1.00  0.00  0.00 -0.44
 -1.00  -0.25  0.00 3.47
 -1.00  0.25  0.00 4.59
 1.00  -0.25  0.00 0.69
 1.00  0.25  0.00 0.34
 -1.00  -0.50  0.00 2.84
 -1.00  0.50  0.00 5.27
 1.00  -0.50  0.00 -0.02
 1.00  0.50  0.00 2.75
 -1.00  -0.75  0.00 0.98
 1.00  -0.75  0.00 -0.81
 -1.00  -1.00  0.00 0.74
 1.00  -1.00  0.00 -1.20
 -1.00  -1.25  0.00 -0.21
 1.00  -1.25  0.00 -3.00
 -1.00  -1.50  0.00 0.11
 1.00  -1.50  0.00 -4.28
 -1.00  -1.75  0.00 -0.41
 1.00  -1.75  0.00 -3.98
 -1.00  -2.00  0.00 -3.25
 1.00  -2.00  0.00 -4.99
 -1.25  0.00  0.00 3.50
 1.25  0.00  0.00 0.32
 -1.25  -0.25  0.00 3.44
 -1.25  0.25  0.00 4.38
 1.25  -0.25  0.00 0.73
 1.25  0.25  0.00 1.62
 -1.25  -0.50  0.00 3.10
 -1.25  0.50  0.00 4.75
 1.25  -0.50  0.00 -0.63
 1.25  0.50  0.00 3.18
 -1.25  -0.75  0.00 2.47
 1.25  -0.75  0.00 -1.58
 -1.25  -1.00  0.00 1.35
 1.25  -1.00  0.00 -2.59
 -1.25  -1.25  0.00 0.00
 1.25  -1.25  0.00 -2.26
 -1.25  -1.50  0.00 -0.24
 1.25  -1.50  0.00 -2.36
 -1.25  -1.75  0.00 -3.24
 1.25  -1.75  0.00 -2.76
 -1.25  -2.00  0.00 -6.08
 1.25  -2.00  0.00 -5.59
 -1.50  0.00  0.00 2.28
 1.50  0.00  0.00 0.13
 -1.50  -0.25  0.00 2.72
 -1.50  0.25  0.00 3.58
 1.50  -0.25  0.00 1.01
 1.50  0.25  0.00 0.57
 -1.50  -0.50  0.00 2.87
 -1.50  0.50  0.00 4.16
 1.50  -0.50  0.00 0.42
 1.50  0.50  0.00 1.83
 -1.50  -0.75  0.00 1.22
 1.50  -0.75  0.00 -1.91
 -1.50  -1.00  0.00 -0.23
 1.50  -1.00  0.00 -2.24
 -1.50  -1.25  0.00 -0.02
 1.50  -1.25  0.00 -4.55
 -1.50  -1.50  0.00 -1.48
 1.50  -1.50  0.00 -2.97
 -1.50  -1.75  0.00 -3.44
 1.50  -1.75  0.00 -4.62
 -1.50  -2.00  0.00 -3.63
 1.50  -2.00  0.00 -4.44
 -1.75  0.00  0.00 1.06
 -1.75  -0.25  0.00 1.79
 -1.75  0.25  0.00 3.60
 -1.75  -0.50  0.00 1.86
 -1.75  0.50  0.00 4.55
 -1.75  -0.75  0.00 0.66
 -1.75  -1.00  0.00 0.67
 -1.75  -1.25  0.00 -1.46
 -1.75  -1.50  0.00 -1.91
 -1.75  -1.75  0.00 -2.07
 -1.75  -2.00  0.00 -1.12
 -2.00  0.00  0.00 2.40
 -2.00  -0.25  0.00 3.11
 -2.00  0.25  0.00 3.92
 -2.00  -0.50  0.00 2.37
 -2.00  0.50  0.00 4.59
 -2.00  -0.75  0.00 1.17
 -2.00  -1.00  0.00 -0.71
 -2.00  -1.25  0.00 -3.36
 -2.00  -1.50  0.00 -2.49
 -2.00  -1.75  0.00 -1.51
 -2.00  -2.00  0.00 -2.38
