 0.00  0.00  0.00 13.87
 0.00  -0.50  0.00 15.96
 0.00  0.50  0.00 14.82
 0.00  -1.00  0.00 10.36
 0.00  -1.50  0.00 4.35
 0.00  -2.00  0.00 10.08
 -0.50  0.00  0.00 13.89
 0.50  0.00  0.00 14.42
 -0.50  -0.50  0.00 15.44
 -0.50  0.50  0.00 15.86
 0.50  -0.50  0.00 15.83
 0.50  0.50  0.00 15.51
 -0.50  -1.00  0.00 11.08
 0.50  -1.00  0.00 11.11
 -0.50  -1.50  0.00 10.24
 0.50  -1.50  0.00 11.10
 -0.50  -2.00  0.00 9.67
 0.50  -2.00  0.00 10.45
 -1.00  0.00  0.00 14.33
 1.00  0.00  0.00 11.85
 -1.00  -0.50  0.00 16.20
 -1.00  0.50  0.00 15.19
 1.00  -0.50  0.00 16.03
 1.00  0.50  0.00 14.69
 -1.00  -1.00  0.00 11.36
 1.00  -1.00  0.00 12.21
 -1.00  -1.50  0.00 12.18
 1.00  -1.50  0.00 12.62
 -1.00  -2.00  0.00 8.48
 1.00  -2.00  0.00 9.77
 -1.50  0.00  0.00 12.48
 1.50  0.00  0.00 14.48
 -1.50  -0.50  0.00 16.16
 -1.50  0.50  0.00 14.17
 1.50  -0.50  0.00 18.94
 1.50  0.50  0.00 16.67
 -1.50  -1.00  0.00 10.10
 1.50  -1.00  0.00 12.52
 -1.50  -1.50  0.00 11.03
 1.50  -1.50  0.00 11.91
 -1.50  -2.00  0.00 8.58
 1.50  -2.00  0.00 11.68
 -2.00  0.00  0.00 12.88
 -2.00  -0.50  0.00 15.71
 -2.00  0.50  0.00 15.88
 -2.00  -1.00  0.00 10.20
 -2.00  -1.50  0.00 10.80
 -2.00  -2.00  0.00 8.55
