 0.00  0.00  0.00 -9.21
 0.00  -0.50  0.00 -10.84
 0.00  0.50  0.00 -9.58
 0.00  -1.00  0.00 -14.10
 0.00  -1.50  0.00 -19.78
 0.00  -2.00  0.00 -15.68
 -0.50  0.00  0.00 -9.46
 0.50  0.00  0.00 -8.59
 -0.50  -0.50  0.00 -11.02
 -0.50  0.50  0.00 -9.20
 0.50  -0.50  0.00 -10.70
 0.50  0.50  0.00 -9.07
 -0.50  -1.00  0.00 -13.54
 0.50  -1.00  0.00 -12.51
 -0.50  -1.50  0.00 -15.71
 0.50  -1.50  0.00 -13.29
 -0.50  -2.00  0.00 -16.56
 0.50  -2.00  0.00 -11.81
 -1.00  0.00  0.00 -8.69
 1.00  0.00  0.00 -9.83
 -1.00  -0.50  0.00 -10.03
 -1.00  0.50  0.00 -9.72
 1.00  -0.50  0.00 -10.46
 1.00  0.50  0.00 -8.74
 -1.00  -1.00  0.00 -12.54
 1.00  -1.00  0.00 -11.36
 -1.00  -1.50  0.00 -13.78
 1.00  -1.50  0.00 -10.58
 -1.00  -2.00  0.00 -16.78
 1.00  -2.00  0.00 -11.33
 -1.50  0.00  0.00 -9.74
 1.50  0.00  0.00 -7.26
 -1.50  -0.50  0.00 -10.29
 -1.50  0.50  0.00 -9.45
 1.50  -0.50  0.00 -6.93
 1.50  0.50  0.00 -5.97
 -1.50  -1.00  0.00 -14.26
 1.50  -1.00  0.00 -9.41
 -1.50  -1.50  0.00 -15.08
 1.50  -1.50  0.00 -10.96
 -1.50  -2.00  0.00 -16.95
 1.50  -2.00  0.00 -10.02
 -2.00  0.00  0.00 -9.30
 -2.00  -0.50  0.00 -10.19
 -2.00  0.50  0.00 -7.88
 -2.00  -1.00  0.00 -14.28
 -2.00  -1.50  0.00 -13.54
 -2.00  -2.00  0.00 -16.23
