 0.00  0.00  0.00 3.98
 0.00  -0.25  0.00 3.30
 0.00  0.25  0.00 4.05
 0.00  -0.50  0.00 3.18
 0.00  0.50  0.00 5.39
 0.00  -0.75  0.00 1.60
 0.00  -1.00  0.00 -0.18
 0.00  -1.25  0.00 -2.94
 0.00  -1.50  0.00 -6.88
 0.00  -1.75  0.00 -4.06
 0.00  -2.00  0.00 -1.44
 -0.25  0.00  0.00 3.51
 0.25  0.00  0.00 2.98
 -0.25  -0.25  0.00 2.82
 -0.25  0.25  0.00 4.39
 0.25  -0.25  0.00 2.88
 0.25  0.25  0.00 3.66
 -0.25  -0.50  0.00 3.31
 -0.25  0.50  0.00 5.33
 0.25  -0.50  0.00 2.23
 0.25  0.50  0.00 3.96
 -0.25  -0.75  0.00 1.60
 0.25  -0.75  0.00 0.57
 -0.25  -1.00  0.00 -0.49
 0.25  -1.00  0.00 -1.46
 -0.25  -1.25  0.00 -2.68
 0.25  -1.25  0.00 -3.34
 -0.25  -1.50  0.00 -5.58
 0.25  -1.50  0.00 -5.71
 -0.25  -1.75  0.00 -2.97
 0.25  -1.75  0.00 -4.65
 -0.25  -2.00  0.00 0.44
 0.25  -2.00  0.00 -1.49
 -0.50  0.00  0.00 3.60
 0.50  0.00  0.00 3.01
 -0.50  -0.25  0.00 3.37
 -0.50  0.25  0.00 4.56
 0.50  -0.25  0.00 2.40
 0.50  0.25  0.00 3.67
 -0.50  -0.50  0.00 2.85
 -0.50  0.50  0.00 4.90
 0.50  -0.50  0.00 2.35
 0.50  0.50  0.00 3.66
 -0.50  -0.75  0.00 2.87
 0.50  -0.75  0.00 0.38
 -0.50  -1.00  0.00 0.86
 0.50  -1.00  0.00 -1.25
 -0.50  -1.25  0.00 -0.98
 0.50  -1.25  0.00 -2.25
 -0.50  -1.50  0.00 -2.22
 0.50  -1.50  0.00 -3.91
 -0.50  -1.75  0.00 -1.68
 0.50  -1.75  0.00 -2.60
 -0.50  -2.00  0.00 -1.58
 0.50  -2.00  0.00 -3.40
 -0.75  0.00  0.00 3.87
 0.75  0.00  0.00 2.31
 -0.75  -0.25  0.00 3.61
 -0.75  0.25  0.00 4.10
 0.75  -0.25  0.00 2.00
 0.75  0.25  0.00 1.33
 -0.75  -0.50  0.00 3.25
 -0.75  0.50  0.00 5.26
 0.75  -0.50  0.00 2.09
 0.75  0.50  0.00 3.09
 -0.75  -0.75  0.00 2.54
 0.75  -0.75  0.00 1.00
 -0.75  -1.00  0.00 0.91
 0.75  -1.00  0.00 -0.45
 -0.75  -1.25  0.00 -0.05
 0.75  -1.25  0.00 -0.87
 -0.75  -1.50  0.00 -0.44
 0.75  -1.50  0.00 -1.81
 -0.75  -1.75  0.00 -0.76
 0.75  -1.75  0.00 -2.93
 -0.75  -2.00  0.00 -0.85
 0.75  -2.00  0.00 -3.18
 -1.00  0.00  0.00 4.24
 1.00  0.00  0.00 0.33
 -1.00  -0.25  0.00 4.09
 -1.00  0.25  0.00 3.91
 1.00  -0.25  0.00 2.21
 1.00  0.25  0.00 1.87
 -1.00  -0.50  0.00 3.14
 -1.00  0.50  0.00 4.66
 1.00  -0.50  0.00 1.52
 1.00  0.50  0.00 2.69
 -1.00  -0.75  0.00 2.24
 1.00  -0.75  0.00 0.84
 -1.00  -1.00  0.00 1.34
 1.00  -1.00  0.00 -0.04
 -1.00  -1.25  0.00 0.96
 1.00  -1.25  0.00 -0.45
 -1.00  -1.50  0.00 1.09
 1.00  -1.50  0.00 -1.36
 -1.00  -1.75  0.00 -0.11
 1.00  -1.75  0.00 -1.41
 -1.00  -2.00  0.00 -2.21
 1.00  -2.00  0.00 -3.30
 -1.25  0.00  0.00 4.06
 1.25  0.00  0.00 1.98
 -1.25  -0.25  0.00 3.38
 -1.25  0.25  0.00 4.96
 1.25  -0.25  0.00 2.22
 1.25  0.25  0.00 3.38
 -1.25  -0.50  0.00 3.78
 -1.25  0.50  0.00 5.01
 1.25  -0.50  0.00 1.03
 1.25  0.50  0.00 4.36
 -1.25  -0.75  0.00 2.54
 1.25  -0.75  0.00 1.27
 -1.25  -1.00  0.00 2.24
 1.25  -1.00  0.00 -0.33
 -1.25  -1.25  0.00 1.45
 1.25  -1.25  0.00 -0.04
 -1.25  -1.50  0.00 0.72
 1.25  -1.50  0.00 0.22
 -1.25  -1.75  0.00 -2.25
 1.25  -1.75  0.00 -0.74
 -1.25  -2.00  0.00 -4.49
 1.25  -2.00  0.00 -3.08
 -1.50  0.00  0.00 3.08
 1.50  0.00  0.00 1.76
 -1.50  -0.25  0.00 3.67
 -1.50  0.25  0.00 3.88
 1.50  -0.25  0.00 2.52
 1.50  0.25  0.00 2.06
 -1.50  -0.50  0.00 3.57
 -1.50  0.50  0.00 4.13
 1.50  -0.50  0.00 1.92
 1.50  0.50  0.00 3.57
 -1.50  -0.75  0.00 2.31
 1.50  -0.75  0.00 0.09
 -1.50  -1.00  0.00 -0.30
 1.50  -1.00  0.00 -0.48
 -1.50  -1.25  0.00 0.18
 1.50  -1.25  0.00 -1.84
 -1.50  -1.50  0.00 -0.88
 1.50  -1.50  0.00 -0.81
 -1.50  -1.75  0.00 -2.44
 1.50  -1.75  0.00 -1.98
 -1.50  -2.00  0.00 -2.69
 1.50  -2.00  0.00 -1.95
 -1.75  0.00  0.00 2.74
 -1.75  -0.25  0.00 3.44
 -1.75  0.25  0.00 3.34
 -1.75  -0.50  0.00 1.36
 -1.75  0.50  0.00 5.59
 -1.75  -0.75  0.00 1.46
 -1.75  -1.00  0.00 0.61
 -1.75  -1.25  0.00 -0.16
 -1.75  -1.50  0.00 -0.81
 -1.75  -1.75  0.00 -1.39
 -1.75  -2.00  0.00 -1.04
 -2.00  0.00  0.00 2.64
 -2.00  -0.25  0.00 3.29
 -2.00  0.25  0.00 3.94
 -2.00  -0.50  0.00 2.44
 -2.00  0.50  0.00 4.33
 -2.00  -0.75  0.00 0.98
 -2.00  -1.00  0.00 0.03
 -2.00  -1.25  0.00 -2.52
 -2.00  -1.50  0.00 -0.93
 -2.00  -1.75  0.00 -0.71
 -2.00  -2.00  0.00 -2.12
