 0.00  0.00  0.00 5.33
 0.00  -0.50  0.00 6.15
 0.00  0.50  0.00 6.43
 0.00  -1.00  0.00 0.60
 0.00  -1.50  0.00 -5.52
 0.00  -2.00  0.00 0.85
 -0.50  0.00  0.00 5.13
 0.50  0.00  0.00 5.57
 -0.50  -0.50  0.00 5.20
 -0.50  0.50  0.00 6.85
 0.50  -0.50  0.00 5.36
 0.50  0.50  0.00 6.13
 -0.50  -1.00  0.00 1.84
 0.50  -1.00  0.00 1.98
 -0.50  -1.50  0.00 0.31
 0.50  -1.50  0.00 1.27
 -0.50  -2.00  0.00 -0.95
 0.50  -2.00  0.00 -0.64
 -1.00  0.00  0.00 4.71
 1.00  0.00  0.00 2.67
 -1.00  -0.50  0.00 5.67
 -1.00  0.50  0.00 5.57
 1.00  -0.50  0.00 4.89
 1.00  0.50  0.00 6.43
 -1.00  -1.00  0.00 2.60
 1.00  -1.00  0.00 3.24
 -1.00  -1.50  0.00 2.82
 1.00  -1.50  0.00 2.76
 -1.00  -2.00  0.00 -1.78
 1.00  -2.00  0.00 0.49
 -1.50  0.00  0.00 4.22
 1.50  0.00  0.00 6.34
 -1.50  -0.50  0.00 5.65
 -1.50  0.50  0.00 5.15
 1.50  -0.50  0.00 9.06
 1.50  0.50  0.00 7.96
 -1.50  -1.00  0.00 0.35
 1.50  -1.00  0.00 3.28
 -1.50  -1.50  0.00 0.73
 1.50  -1.50  0.00 3.06
 -1.50  -2.00  0.00 -1.12
 1.50  -2.00  0.00 2.34
 -2.00  0.00  0.00 4.16
 -2.00  -0.50  0.00 5.63
 -2.00  0.50  0.00 8.03
 -2.00  -1.00  0.00 1.49
 -2.00  -1.50  0.00 1.82
 -2.00  -2.00  0.00 -0.49
