 0.00  0.00  0.00 1.67
 0.00  -0.50  0.00 -1.32
 0.00  0.50  0.00 2.68
 0.00  -1.00  0.00 -3.35
 0.00  -1.50  0.00 -7.66
 0.00  -2.00  0.00 -8.86
 -0.50  0.00  0.00 2.78
 0.50  0.00  0.00 2.76
 -0.50  -0.50  0.00 -0.44
 -0.50  0.50  0.00 2.38
 0.50  -0.50  0.00 -0.77
 0.50  0.50  0.00 2.44
 -0.50  -1.00  0.00 -1.59
 0.50  -1.00  0.00 -2.00
 -0.50  -1.50  0.00 -5.71
 0.50  -1.50  0.00 -2.64
 -0.50  -2.00  0.00 -8.67
 0.50  -2.00  0.00 -5.68
 -1.00  0.00  0.00 2.75
 1.00  0.00  0.00 3.12
 -1.00  -0.50  0.00 -0.70
 -1.00  0.50  0.00 2.50
 1.00  -0.50  0.00 0.30
 1.00  0.50  0.00 3.97
 -1.00  -1.00  0.00 -3.01
 1.00  -1.00  0.00 -0.29
 -1.00  -1.50  0.00 -3.41
 1.00  -1.50  0.00 -2.30
 -1.00  -2.00  0.00 -7.49
 1.00  -2.00  0.00 -2.22
 -1.50  0.00  0.00 2.07
 1.50  0.00  0.00 5.03
 -1.50  -0.50  0.00 -1.09
 -1.50  0.50  0.00 2.02
 1.50  -0.50  0.00 2.45
 1.50  0.50  0.00 4.89
 -1.50  -1.00  0.00 -1.54
 1.50  -1.00  0.00 -0.30
 -1.50  -1.50  0.00 -5.30
 1.50  -1.50  0.00 0.19
 -1.50  -2.00  0.00 -7.26
 1.50  -2.00  0.00 -1.15
 -2.00  0.00  0.00 2.93
 -2.00  -0.50  0.00 -2.13
 -2.00  0.50  0.00 2.96
 -2.00  -1.00  0.00 -5.70
 -2.00  -1.50  0.00 -4.11
 -2.00  -2.00  0.00 -6.15
