 0.00  0.00  0.00 4.18
 0.00  -0.25  0.00 4.14
 0.00  0.25  0.00 4.69
 0.00  -0.50  0.00 3.23
 0.00  0.50  0.00 4.86
 0.00  -0.75  0.00 0.96
 0.00  -1.00  0.00 -0.93
 0.00  -1.25  0.00 -2.48
 0.00  -1.50  0.00 -5.03
 0.00  -1.75  0.00 -5.16
 0.00  -2.00  0.00 -4.14
 -0.25  0.00  0.00 3.44
 0.25  0.00  0.00 4.06
 -0.25  -0.25  0.00 3.52
 -0.25  0.25  0.00 4.47
 0.25  -0.25  0.00 4.34
 0.25  0.25  0.00 4.11
 -0.25  -0.50  0.00 2.24
 -0.25  0.50  0.00 5.52
 0.25  -0.50  0.00 3.04
 0.25  0.50  0.00 4.49
 -0.25  -0.75  0.00 1.09
 0.25  -0.75  0.00 1.07
 -0.25  -1.00  0.00 -0.30
 0.25  -1.00  0.00 -0.01
 -0.25  -1.25  0.00 -3.07
 0.25  -1.25  0.00 -0.77
 -0.25  -1.50  0.00 -6.14
 0.25  -1.50  0.00 -1.64
 -0.25  -1.75  0.00 -7.31
 0.25  -1.75  0.00 -0.10
 -0.25  -2.00  0.00 -6.38
 0.25  -2.00  0.00 -1.73
 -0.50  0.00  0.00 3.95
 0.50  0.00  0.00 4.24
 -0.50  -0.25  0.00 3.55
 -0.50  0.25  0.00 4.88
 0.50  -0.25  0.00 4.04
 0.50  0.25  0.00 4.38
 -0.50  -0.50  0.00 2.81
 -0.50  0.50  0.00 5.47
 0.50  -0.50  0.00 3.98
 0.50  0.50  0.00 4.20
 -0.50  -0.75  0.00 1.54
 0.50  -0.75  0.00 3.03
 -0.50  -1.00  0.00 -0.70
 0.50  -1.00  0.00 1.07
 -0.50  -1.25  0.00 -2.53
 0.50  -1.25  0.00 1.18
 -0.50  -1.50  0.00 -4.39
 0.50  -1.50  0.00 1.91
 -0.50  -1.75  0.00 -5.54
 0.50  -1.75  0.00 2.31
 -0.50  -2.00  0.00 -7.60
 0.50  -2.00  0.00 1.07
 -0.75  0.00  0.00 3.71
 0.75  0.00  0.00 4.18
 -0.75  -0.25  0.00 3.39
 -0.75  0.25  0.00 4.57
 0.75  -0.25  0.00 4.12
 0.75  0.25  0.00 5.03
 -0.75  -0.50  0.00 2.82
 -0.75  0.50  0.00 4.52
 0.75  -0.50  0.00 4.09
 0.75  0.50  0.00 4.63
 -0.75  -0.75  0.00 0.49
 0.75  -0.75  0.00 4.31
 -0.75  -1.00  0.00 0.08
 0.75  -1.00  0.00 3.42
 -0.75  -1.25  0.00 -2.10
 0.75  -1.25  0.00 4.01
 -0.75  -1.50  0.00 -3.56
 0.75  -1.50  0.00 3.68
 -0.75  -1.75  0.00 -5.88
 0.75  -1.75  0.00 3.46
 -0.75  -2.00  0.00 -6.87
 0.75  -2.00  0.00 2.63
 -1.00  0.00  0.00 2.59
 1.00  0.00  0.00 4.64
 -1.00  -0.25  0.00 3.41
 -1.00  0.25  0.00 4.31
 1.00  -0.25  0.00 4.35
 1.00  0.25  0.00 4.80
 -1.00  -0.50  0.00 2.39
 -1.00  0.50  0.00 4.32
 1.00  -0.50  0.00 4.81
 1.00  0.50  0.00 5.49
 -1.00  -0.75  0.00 -0.77
 1.00  -0.75  0.00 4.18
 -1.00  -1.00  0.00 -2.30
 1.00  -1.00  0.00 3.16
 -1.00  -1.25  0.00 -2.84
 1.00  -1.25  0.00 4.53
 -1.00  -1.50  0.00 -3.04
 1.00  -1.50  0.00 4.17
 -1.00  -1.75  0.00 -4.37
 1.00  -1.75  0.00 4.49
 -1.00  -2.00  0.00 -6.71
 1.00  -2.00  0.00 4.14
 -1.25  0.00  0.00 1.81
 1.25  0.00  0.00 4.38
 -1.25  -0.25  0.00 2.29
 -1.25  0.25  0.00 3.71
 1.25  -0.25  0.00 4.62
 1.25  0.25  0.00 4.72
 -1.25  -0.50  0.00 0.81
 -1.25  0.50  0.00 3.42
 1.25  -0.50  0.00 4.62
 1.25  0.50  0.00 5.55
 -1.25  -0.75  0.00 -0.81
 1.25  -0.75  0.00 4.85
 -1.25  -1.00  0.00 -1.58
 1.25  -1.00  0.00 4.85
 -1.25  -1.25  0.00 -2.31
 1.25  -1.25  0.00 5.46
 -1.25  -1.50  0.00 -3.47
 1.25  -1.50  0.00 6.11
 -1.25  -1.75  0.00 -7.23
 1.25  -1.75  0.00 4.45
 -1.25  -2.00  0.00 -10.60
 1.25  -2.00  0.00 4.23
 -1.50  0.00  0.00 0.91
 1.50  0.00  0.00 4.47
 -1.50  -0.25  0.00 2.23
 -1.50  0.25  0.00 1.78
 1.50  -0.25  0.00 5.43
 1.50  0.25  0.00 4.97
 -1.50  -0.50  0.00 0.96
 -1.50  0.50  0.00 2.80
 1.50  -0.50  0.00 5.10
 1.50  0.50  0.00 5.39
 -1.50  -0.75  0.00 -0.90
 1.50  -0.75  0.00 5.44
 -1.50  -1.00  0.00 -2.75
 1.50  -1.00  0.00 5.24
 -1.50  -1.25  0.00 -3.87
 1.50  -1.25  0.00 5.30
 -1.50  -1.50  0.00 -4.90
 1.50  -1.50  0.00 5.09
 -1.50  -1.75  0.00 -8.59
 1.50  -1.75  0.00 6.10
 -1.50  -2.00  0.00 -7.86
 1.50  -2.00  0.00 5.30
 -1.75  0.00  0.00 0.35
 -1.75  -0.25  0.00 0.60
 -1.75  0.25  0.00 1.64
 -1.75  -0.50  0.00 -0.36
 -1.75  0.50  0.00 3.23
 -1.75  -0.75  0.00 -1.62
 -1.75  -1.00  0.00 -2.06
 -1.75  -1.25  0.00 -3.47
 -1.75  -1.50  0.00 -5.68
 -1.75  -1.75  0.00 -7.34
 -1.75  -2.00  0.00 -4.90
 -2.00  0.00  0.00 1.26
 -2.00  -0.25  0.00 0.26
 -2.00  0.25  0.00 1.30
 -2.00  -0.50  0.00 -0.11
 -2.00  0.50  0.00 2.87
 -2.00  -0.75  0.00 -3.20
 -2.00  -1.00  0.00 -4.03
 -2.00  -1.25  0.00 -6.14
 -2.00  -1.50  0.00 -5.99
 -2.00  -1.75  0.00 -5.72
 -2.00  -2.00  0.00 -6.67
