 0.00  0.00  0.00 4.39
 0.00  -0.50  0.00 1.47
 0.00  0.50  0.00 4.31
 0.00  -1.00  0.00 -0.94
 0.00  -1.50  0.00 -5.81
 0.00  -2.00  0.00 -5.07
 -0.50  0.00  0.00 4.72
 0.50  0.00  0.00 5.38
 -0.50  -0.50  0.00 2.50
 -0.50  0.50  0.00 5.54
 0.50  -0.50  0.00 3.08
 0.50  0.50  0.00 4.99
 -0.50  -1.00  0.00 0.54
 0.50  -1.00  0.00 1.12
 -0.50  -1.50  0.00 -2.80
 0.50  -1.50  0.00 -0.06
 -0.50  -2.00  0.00 -5.29
 0.50  -2.00  0.00 -2.39
 -1.00  0.00  0.00 5.14
 1.00  0.00  0.00 6.30
 -1.00  -0.50  0.00 2.71
 -1.00  0.50  0.00 5.20
 1.00  -0.50  0.00 3.39
 1.00  0.50  0.00 6.23
 -1.00  -1.00  0.00 -0.12
 1.00  -1.00  0.00 2.29
 -1.00  -1.50  0.00 -0.75
 1.00  -1.50  0.00 2.53
 -1.00  -2.00  0.00 -4.46
 1.00  -2.00  0.00 0.34
 -1.50  0.00  0.00 3.76
 1.50  0.00  0.00 7.70
 -1.50  -0.50  0.00 2.37
 -1.50  0.50  0.00 5.11
 1.50  -0.50  0.00 5.14
 1.50  0.50  0.00 8.02
 -1.50  -1.00  0.00 0.35
 1.50  -1.00  0.00 2.79
 -1.50  -1.50  0.00 -1.77
 1.50  -1.50  0.00 3.44
 -1.50  -2.00  0.00 -4.73
 1.50  -2.00  0.00 1.52
 -2.00  0.00  0.00 5.47
 -2.00  -0.50  0.00 1.46
 -2.00  0.50  0.00 6.59
 -2.00  -1.00  0.00 -2.26
 -2.00  -1.50  0.00 -0.78
 -2.00  -2.00  0.00 -3.78
