 0.00  0.00  0.00 -9.20
 0.00  -0.50  0.00 -11.85
 0.00  0.50  0.00 -9.19
 0.00  -1.00  0.00 -14.23
 0.00  -1.50  0.00 -19.91
 0.00  -2.00  0.00 -17.25
 -0.50  0.00  0.00 -8.76
 0.50  0.00  0.00 -8.82
 -0.50  -0.50  0.00 -11.56
 -0.50  0.50  0.00 -8.38
 0.50  -0.50  0.00 -11.68
 0.50  0.50  0.00 -9.20
 -0.50  -1.00  0.00 -12.48
 0.50  -1.00  0.00 -13.20
 -0.50  -1.50  0.00 -14.46
 0.50  -1.50  0.00 -15.32
 -0.50  -2.00  0.00 -15.97
 0.50  -2.00  0.00 -16.03
 -1.00  0.00  0.00 -8.37
 1.00  0.00  0.00 -10.32
 -1.00  -0.50  0.00 -9.84
 -1.00  0.50  0.00 -8.57
 1.00  -0.50  0.00 -11.44
 1.00  0.50  0.00 -10.05
 -1.00  -1.00  0.00 -11.71
 1.00  -1.00  0.00 -13.05
 -1.00  -1.50  0.00 -12.13
 1.00  -1.50  0.00 -13.96
 -1.00  -2.00  0.00 -15.00
 1.00  -2.00  0.00 -15.16
 -1.50  0.00  0.00 -7.03
 1.50  0.00  0.00 -7.96
 -1.50  -0.50  0.00 -8.78
 -1.50  0.50  0.00 -6.75
 1.50  -0.50  0.00 -9.02
 1.50  0.50  0.00 -7.77
 -1.50  -1.00  0.00 -11.33
 1.50  -1.00  0.00 -12.30
 -1.50  -1.50  0.00 -12.60
 1.50  -1.50  0.00 -13.55
 -1.50  -2.00  0.00 -14.48
 1.50  -2.00  0.00 -14.03
 -2.00  0.00  0.00 -6.31
 -2.00  -0.50  0.00 -9.62
 -2.00  0.50  0.00 -4.72
 -2.00  -1.00  0.00 -11.61
 -2.00  -1.50  0.00 -10.96
 -2.00  -2.00  0.00 -13.20
