 0.00  0.00  0.00 -47.36
 0.00  -0.50  0.00 -49.91
 0.00  0.50  0.00 -47.52
 0.00  -1.00  0.00 -53.36
 0.00  -1.50  0.00 -59.05
 0.00  -2.00  0.00 -55.97
 -0.50  0.00  0.00 -47.98
 0.50  0.00  0.00 -47.04
 -0.50  -0.50  0.00 -50.39
 -0.50  0.50  0.00 -47.38
 0.50  -0.50  0.00 -48.96
 0.50  0.50  0.00 -47.87
 -0.50  -1.00  0.00 -53.16
 0.50  -1.00  0.00 -52.45
 -0.50  -1.50  0.00 -55.15
 0.50  -1.50  0.00 -53.11
 -0.50  -2.00  0.00 -55.60
 0.50  -2.00  0.00 -53.98
 -1.00  0.00  0.00 -47.43
 1.00  0.00  0.00 -47.27
 -1.00  -0.50  0.00 -48.61
 -1.00  0.50  0.00 -48.48
 1.00  -0.50  0.00 -49.26
 1.00  0.50  0.00 -46.64
 -1.00  -1.00  0.00 -52.31
 1.00  -1.00  0.00 -50.75
 -1.00  -1.50  0.00 -52.28
 1.00  -1.50  0.00 -50.93
 -1.00  -2.00  0.00 -56.93
 1.00  -2.00  0.00 -53.62
 -1.50  0.00  0.00 -49.58
 1.50  0.00  0.00 -46.03
 -1.50  -0.50  0.00 -49.44
 -1.50  0.50  0.00 -48.43
 1.50  -0.50  0.00 -46.71
 1.50  0.50  0.00 -45.87
 -1.50  -1.00  0.00 -53.21
 1.50  -1.00  0.00 -49.28
 -1.50  -1.50  0.00 -53.61
 1.50  -1.50  0.00 -49.18
 -1.50  -2.00  0.00 -56.29
 1.50  -2.00  0.00 -51.57
 -2.00  0.00  0.00 -48.56
 -2.00  -0.50  0.00 -50.16
 -2.00  0.50  0.00 -47.71
 -2.00  -1.00  0.00 -53.56
 -2.00  -1.50  0.00 -53.17
 -2.00  -2.00  0.00 -55.07
