 0.00  0.00  0.00 2.17
 0.00  -0.25  0.00 2.03
 0.00  0.25  0.00 2.82
 0.00  -0.50  0.00 0.74
 0.00  0.50  0.00 4.16
 0.00  -0.75  0.00 -0.33
 0.00  -1.00  0.00 -1.68
 0.00  -1.25  0.00 -4.40
 0.00  -1.50  0.00 -8.54
 0.00  -1.75  0.00 -9.82
 0.00  -2.00  0.00 -8.02
 -0.25  0.00  0.00 3.34
 0.25  0.00  0.00 2.11
 -0.25  -0.25  0.00 3.44
 -0.25  0.25  0.00 3.93
 0.25  -0.25  0.00 2.11
 0.25  0.25  0.00 3.13
 -0.25  -0.50  0.00 2.79
 -0.25  0.50  0.00 4.81
 0.25  -0.50  0.00 0.85
 0.25  0.50  0.00 3.38
 -0.25  -0.75  0.00 1.04
 0.25  -0.75  0.00 -0.79
 -0.25  -1.00  0.00 -0.19
 0.25  -1.00  0.00 -2.87
 -0.25  -1.25  0.00 -1.13
 0.25  -1.25  0.00 -4.52
 -0.25  -1.50  0.00 -2.53
 0.25  -1.50  0.00 -7.26
 -0.25  -1.75  0.00 -3.63
 0.25  -1.75  0.00 -8.43
 -0.25  -2.00  0.00 -4.56
 0.25  -2.00  0.00 -8.49
 -0.50  0.00  0.00 3.37
 0.50  0.00  0.00 2.30
 -0.50  -0.25  0.00 3.70
 -0.50  0.25  0.00 4.11
 0.50  -0.25  0.00 1.47
 0.50  0.25  0.00 3.33
 -0.50  -0.50  0.00 3.18
 -0.50  0.50  0.00 4.89
 0.50  -0.50  0.00 1.15
 0.50  0.50  0.00 3.57
 -0.50  -0.75  0.00 2.25
 0.50  -0.75  0.00 -0.67
 -0.50  -1.00  0.00 1.98
 0.50  -1.00  0.00 -2.47
 -0.50  -1.25  0.00 0.72
 0.50  -1.25  0.00 -3.38
 -0.50  -1.50  0.00 0.38
 0.50  -1.50  0.00 -5.38
 -0.50  -1.75  0.00 0.28
 0.50  -1.75  0.00 -5.99
 -0.50  -2.00  0.00 -1.64
 0.50  -2.00  0.00 -8.45
 -0.75  0.00  0.00 4.49
 0.75  0.00  0.00 0.95
 -0.75  -0.25  0.00 4.88
 -0.75  0.25  0.00 5.39
 0.75  -0.25  0.00 1.79
 0.75  0.25  0.00 2.19
 -0.75  -0.50  0.00 4.80
 -0.75  0.50  0.00 4.80
 0.75  -0.50  0.00 0.88
 0.75  0.50  0.00 3.26
 -0.75  -0.75  0.00 3.36
 0.75  -0.75  0.00 -0.85
 -0.75  -1.00  0.00 2.32
 0.75  -1.00  0.00 -2.24
 -0.75  -1.25  0.00 1.58
 0.75  -1.25  0.00 -3.60
 -0.75  -1.50  0.00 2.15
 0.75  -1.50  0.00 -5.03
 -0.75  -1.75  0.00 -0.18
 0.75  -1.75  0.00 -7.83
 -0.75  -2.00  0.00 0.09
 0.75  -2.00  0.00 -8.33
 -1.00  0.00  0.00 5.78
 1.00  0.00  0.00 1.43
 -1.00  -0.25  0.00 5.76
 -1.00  0.25  0.00 5.57
 1.00  -0.25  0.00 0.72
 1.00  0.25  0.00 0.77
 -1.00  -0.50  0.00 6.14
 -1.00  0.50  0.00 5.32
 1.00  -0.50  0.00 1.82
 1.00  0.50  0.00 3.52
 -1.00  -0.75  0.00 4.22
 1.00  -0.75  0.00 -0.84
 -1.00  -1.00  0.00 2.72
 1.00  -1.00  0.00 -2.06
 -1.00  -1.25  0.00 2.92
 1.00  -1.25  0.00 -3.29
 -1.00  -1.50  0.00 2.83
 1.00  -1.50  0.00 -5.85
 -1.00  -1.75  0.00 1.96
 1.00  -1.75  0.00 -6.01
 -1.00  -2.00  0.00 2.33
 1.00  -2.00  0.00 -6.83
 -1.25  0.00  0.00 5.53
 1.25  0.00  0.00 1.28
 -1.25  -0.25  0.00 5.62
 -1.25  0.25  0.00 6.47
 1.25  -0.25  0.00 -0.07
 1.25  0.25  0.00 1.13
 -1.25  -0.50  0.00 6.00
 -1.25  0.50  0.00 6.01
 1.25  -0.50  0.00 -0.92
 1.25  0.50  0.00 2.81
 -1.25  -0.75  0.00 4.98
 1.25  -0.75  0.00 -1.46
 -1.25  -1.00  0.00 3.78
 1.25  -1.00  0.00 -3.17
 -1.25  -1.25  0.00 3.83
 1.25  -1.25  0.00 -3.56
 -1.25  -1.50  0.00 3.45
 1.25  -1.50  0.00 -3.55
 -1.25  -1.75  0.00 2.81
 1.25  -1.75  0.00 -5.30
 -1.25  -2.00  0.00 1.30
 1.25  -2.00  0.00 -7.95
 -1.50  0.00  0.00 6.03
 1.50  0.00  0.00 1.19
 -1.50  -0.25  0.00 5.81
 -1.50  0.25  0.00 5.60
 1.50  -0.25  0.00 2.19
 1.50  0.25  0.00 1.09
 -1.50  -0.50  0.00 5.87
 -1.50  0.50  0.00 6.55
 1.50  -0.50  0.00 0.15
 1.50  0.50  0.00 2.08
 -1.50  -0.75  0.00 5.09
 1.50  -0.75  0.00 -2.41
 -1.50  -1.00  0.00 4.24
 1.50  -1.00  0.00 -2.95
 -1.50  -1.25  0.00 4.43
 1.50  -1.25  0.00 -5.11
 -1.50  -1.50  0.00 3.59
 1.50  -1.50  0.00 -3.55
 -1.50  -1.75  0.00 3.34
 1.50  -1.75  0.00 -5.60
 -1.50  -2.00  0.00 2.63
 1.50  -2.00  0.00 -5.41
 -1.75  0.00  0.00 5.98
 -1.75  -0.25  0.00 5.55
 -1.75  0.25  0.00 5.68
 -1.75  -0.50  0.00 5.57
 -1.75  0.50  0.00 6.54
 -1.75  -0.75  0.00 5.46
 -1.75  -1.00  0.00 5.21
 -1.75  -1.25  0.00 4.50
 -1.75  -1.50  0.00 4.15
 -1.75  -1.75  0.00 4.50
 -1.75  -2.00  0.00 4.14
 -2.00  0.00  0.00 6.22
 -2.00  -0.25  0.00 6.63
 -2.00  0.25  0.00 6.67
 -2.00  -0.50  0.00 5.35
 -2.00  0.50  0.00 7.39
 -2.00  -0.75  0.00 5.25
 -2.00  -1.00  0.00 3.99
 -2.00  -1.25  0.00 3.89
 -2.00  -1.50  0.00 4.31
 -2.00  -1.75  0.00 4.73
 -2.00  -2.00  0.00 3.37
