 0.00  0.00  0.00 -2.08
 0.00  -0.50  0.00 -3.57
 0.00  0.50  0.00 -1.45
 0.00  -1.00  0.00 -6.35
 0.00  -1.50  0.00 -10.81
 0.00  -2.00  0.00 -13.72
 -0.50  0.00  0.00 -0.76
 0.50  0.00  0.00 -1.41
 -0.50  -0.50  0.00 -3.76
 -0.50  0.50  0.00 -0.64
 0.50  -0.50  0.00 -2.80
 0.50  0.50  0.00 -0.36
 -0.50  -1.00  0.00 -6.21
 0.50  -1.00  0.00 -4.72
 -0.50  -1.50  0.00 -8.31
 0.50  -1.50  0.00 -5.63
 -0.50  -2.00  0.00 -12.22
 0.50  -2.00  0.00 -8.83
 -1.00  0.00  0.00 -1.08
 1.00  0.00  0.00 1.68
 -1.00  -0.50  0.00 -2.61
 -1.00  0.50  0.00 -1.03
 1.00  -0.50  0.00 -0.73
 1.00  0.50  0.00 1.82
 -1.00  -1.00  0.00 -6.44
 1.00  -1.00  0.00 -2.62
 -1.00  -1.50  0.00 -7.97
 1.00  -1.50  0.00 -4.03
 -1.00  -2.00  0.00 -9.91
 1.00  -2.00  0.00 -0.52
 -1.50  0.00  0.00 -2.38
 1.50  0.00  0.00 1.36
 -1.50  -0.50  0.00 -4.41
 -1.50  0.50  0.00 -0.06
 1.50  -0.50  0.00 0.28
 1.50  0.50  0.00 3.00
 -1.50  -1.00  0.00 -5.85
 1.50  -1.00  0.00 -1.65
 -1.50  -1.50  0.00 -8.57
 1.50  -1.50  0.00 -1.25
 -1.50  -2.00  0.00 -9.89
 1.50  -2.00  0.00 -2.65
 -2.00  0.00  0.00 -2.63
 -2.00  -0.50  0.00 -4.45
 -2.00  0.50  0.00 -0.16
 -2.00  -1.00  0.00 -6.66
 -2.00  -1.50  0.00 -7.23
 -2.00  -2.00  0.00 -8.11
