 0.00  0.00  0.00 0.50
 0.00  -0.50  0.00 -2.53
 0.00  0.50  0.00 1.35
 0.00  -1.00  0.00 -4.54
 0.00  -1.50  0.00 -10.34
 0.00  -2.00  0.00 -9.62
 -0.50  0.00  0.00 1.99
 0.50  0.00  0.00 0.80
 -0.50  -0.50  0.00 -1.37
 -0.50  0.50  0.00 2.18
 0.50  -0.50  0.00 -2.46
 0.50  0.50  0.00 0.78
 -0.50  -1.00  0.00 -2.12
 0.50  -1.00  0.00 -4.66
 -0.50  -1.50  0.00 -4.49
 0.50  -1.50  0.00 -6.11
 -0.50  -2.00  0.00 -8.44
 0.50  -2.00  0.00 -8.42
 -1.00  0.00  0.00 3.00
 1.00  0.00  0.00 0.41
 -1.00  -0.50  0.00 0.09
 -1.00  0.50  0.00 2.58
 1.00  -0.50  0.00 -1.63
 1.00  0.50  0.00 1.01
 -1.00  -1.00  0.00 -2.42
 1.00  -1.00  0.00 -3.18
 -1.00  -1.50  0.00 -2.83
 1.00  -1.50  0.00 -4.61
 -1.00  -2.00  0.00 -5.85
 1.00  -2.00  0.00 -6.30
 -1.50  0.00  0.00 3.32
 1.50  0.00  0.00 1.45
 -1.50  -0.50  0.00 0.01
 -1.50  0.50  0.00 3.46
 1.50  -0.50  0.00 -0.42
 1.50  0.50  0.00 1.89
 -1.50  -1.00  0.00 -0.49
 1.50  -1.00  0.00 -2.94
 -1.50  -1.50  0.00 -3.43
 1.50  -1.50  0.00 -2.92
 -1.50  -2.00  0.00 -4.90
 1.50  -2.00  0.00 -4.02
 -2.00  0.00  0.00 4.60
 -2.00  -0.50  0.00 -0.64
 -2.00  0.50  0.00 5.21
 -2.00  -1.00  0.00 -3.51
 -2.00  -1.50  0.00 -1.95
 -2.00  -2.00  0.00 -2.98
