 0.00  0.00  0.00 4.89
 0.00  -0.50  0.00 3.21
 0.00  0.50  0.00 4.46
 0.00  -1.00  0.00 -0.46
 0.00  -1.50  0.00 -6.08
 0.00  -2.00  0.00 -3.05
 -0.50  0.00  0.00 4.32
 0.50  0.00  0.00 5.29
 -0.50  -0.50  0.00 3.17
 -0.50  0.50  0.00 5.43
 0.50  -0.50  0.00 3.45
 0.50  0.50  0.00 4.64
 -0.50  -1.00  0.00 0.34
 0.50  -1.00  0.00 1.76
 -0.50  -1.50  0.00 -2.09
 0.50  -1.50  0.00 1.60
 -0.50  -2.00  0.00 -4.42
 0.50  -2.00  0.00 1.84
 -1.00  0.00  0.00 4.77
 1.00  0.00  0.00 5.86
 -1.00  -0.50  0.00 3.63
 -1.00  0.50  0.00 4.20
 1.00  -0.50  0.00 4.94
 1.00  0.50  0.00 5.75
 -1.00  -1.00  0.00 0.03
 1.00  -1.00  0.00 3.38
 -1.00  -1.50  0.00 -0.26
 1.00  -1.50  0.00 4.76
 -1.00  -2.00  0.00 -5.07
 1.00  -2.00  0.00 2.91
 -1.50  0.00  0.00 3.35
 1.50  0.00  0.00 7.82
 -1.50  -0.50  0.00 4.20
 -1.50  0.50  0.00 3.68
 1.50  -0.50  0.00 7.52
 1.50  0.50  0.00 7.93
 -1.50  -1.00  0.00 -0.96
 1.50  -1.00  0.00 4.64
 -1.50  -1.50  0.00 -2.38
 1.50  -1.50  0.00 5.03
 -1.50  -2.00  0.00 -4.72
 1.50  -2.00  0.00 4.68
 -2.00  0.00  0.00 4.56
 -2.00  -0.50  0.00 1.98
 -2.00  0.50  0.00 5.91
 -2.00  -1.00  0.00 -0.97
 -2.00  -1.50  0.00 -1.58
 -2.00  -2.00  0.00 -3.86
