 0.00  0.00  0.00 6.00
 0.00  -0.50  0.00 4.11
 0.00  0.50  0.00 6.48
 0.00  -1.00  0.00 1.15
 0.00  -1.50  0.00 -5.11
 0.00  -2.00  0.00 -2.31
 -0.50  0.00  0.00 6.68
 0.50  0.00  0.00 6.93
 -0.50  -0.50  0.00 5.56
 -0.50  0.50  0.00 6.93
 0.50  -0.50  0.00 5.24
 0.50  0.50  0.00 7.16
 -0.50  -1.00  0.00 4.46
 0.50  -1.00  0.00 1.77
 -0.50  -1.50  0.00 2.62
 0.50  -1.50  0.00 0.45
 -0.50  -2.00  0.00 1.17
 0.50  -2.00  0.00 -2.47
 -1.00  0.00  0.00 8.67
 1.00  0.00  0.00 6.06
 -1.00  -0.50  0.00 8.29
 -1.00  0.50  0.00 7.87
 1.00  -0.50  0.00 6.08
 1.00  0.50  0.00 5.71
 -1.00  -1.00  0.00 5.57
 1.00  -1.00  0.00 3.46
 -1.00  -1.50  0.00 5.61
 1.00  -1.50  0.00 1.30
 -1.00  -2.00  0.00 4.09
 1.00  -2.00  0.00 -1.23
 -1.50  0.00  0.00 8.57
 1.50  0.00  0.00 7.78
 -1.50  -0.50  0.00 8.53
 -1.50  0.50  0.00 9.69
 1.50  -0.50  0.00 7.36
 1.50  0.50  0.00 6.63
 -1.50  -1.00  0.00 6.91
 1.50  -1.00  0.00 4.13
 -1.50  -1.50  0.00 7.14
 1.50  -1.50  0.00 2.78
 -1.50  -2.00  0.00 5.06
 1.50  -2.00  0.00 1.01
 -2.00  0.00  0.00 10.70
 -2.00  -0.50  0.00 9.21
 -2.00  0.50  0.00 11.62
 -2.00  -1.00  0.00 6.20
 -2.00  -1.50  0.00 7.49
 -2.00  -2.00  0.00 5.24
