 0.00  0.00  0.00 -9.87
 0.00  -0.50  0.00 -8.14
 0.00  0.50  0.00 -8.15
 0.00  -1.00  0.00 -13.36
 0.00  -1.50  0.00 -19.54
 0.00  -2.00  0.00 -13.63
 -0.50  0.00  0.00 -10.33
 0.50  0.00  0.00 -10.03
 -0.50  -0.50  0.00 -9.02
 -0.50  0.50  0.00 -7.89
 0.50  -0.50  0.00 -8.40
 0.50  0.50  0.00 -7.83
 -0.50  -1.00  0.00 -12.67
 0.50  -1.00  0.00 -12.68
 -0.50  -1.50  0.00 -14.28
 0.50  -1.50  0.00 -13.63
 -0.50  -2.00  0.00 -14.51
 0.50  -2.00  0.00 -14.27
 -1.00  0.00  0.00 -9.97
 1.00  0.00  0.00 -11.96
 -1.00  -0.50  0.00 -7.84
 -1.00  0.50  0.00 -9.00
 1.00  -0.50  0.00 -8.36
 1.00  0.50  0.00 -8.87
 -1.00  -1.00  0.00 -12.46
 1.00  -1.00  0.00 -12.08
 -1.00  -1.50  0.00 -12.43
 1.00  -1.50  0.00 -12.30
 -1.00  -2.00  0.00 -14.95
 1.00  -2.00  0.00 -13.28
 -1.50  0.00  0.00 -10.98
 1.50  0.00  0.00 -9.63
 -1.50  -0.50  0.00 -7.87
 -1.50  0.50  0.00 -9.72
 1.50  -0.50  0.00 -4.87
 1.50  0.50  0.00 -6.53
 -1.50  -1.00  0.00 -14.12
 1.50  -1.00  0.00 -10.95
 -1.50  -1.50  0.00 -13.13
 1.50  -1.50  0.00 -12.31
 -1.50  -2.00  0.00 -15.62
 1.50  -2.00  0.00 -12.48
 -2.00  0.00  0.00 -10.78
 -2.00  -0.50  0.00 -8.03
 -2.00  0.50  0.00 -6.83
 -2.00  -1.00  0.00 -12.99
 -2.00  -1.50  0.00 -12.53
 -2.00  -2.00  0.00 -15.18
