 0.00  0.00  0.00 0.71
 0.00  -0.25  0.00 -0.59
 0.00  0.25  0.00 1.79
 0.00  -0.50  0.00 0.02
 0.00  0.50  0.00 1.72
 0.00  -0.75  0.00 -3.02
 0.00  -1.00  0.00 -3.51
 0.00  -1.25  0.00 -5.58
 0.00  -1.50  0.00 -8.21
 0.00  -1.75  0.00 -12.17
 0.00  -2.00  0.00 -12.39
 -0.25  0.00  0.00 1.36
 0.25  0.00  0.00 0.75
 -0.25  -0.25  0.00 1.87
 -0.25  0.25  0.00 2.21
 0.25  -0.25  0.00 0.28
 0.25  0.25  0.00 1.53
 -0.25  -0.50  0.00 1.04
 -0.25  0.50  0.00 3.57
 0.25  -0.50  0.00 -1.78
 0.25  0.50  0.00 2.16
 -0.25  -0.75  0.00 -0.42
 0.25  -0.75  0.00 -2.42
 -0.25  -1.00  0.00 -1.92
 0.25  -1.00  0.00 -3.85
 -0.25  -1.25  0.00 -3.16
 0.25  -1.25  0.00 -4.14
 -0.25  -1.50  0.00 -5.88
 0.25  -1.50  0.00 -6.72
 -0.25  -1.75  0.00 -9.92
 0.25  -1.75  0.00 -9.67
 -0.25  -2.00  0.00 -10.52
 0.25  -2.00  0.00 -10.90
 -0.50  0.00  0.00 1.69
 0.50  0.00  0.00 1.86
 -0.50  -0.25  0.00 1.47
 -0.50  0.25  0.00 2.88
 0.50  -0.25  0.00 0.52
 0.50  0.25  0.00 0.66
 -0.50  -0.50  0.00 0.45
 -0.50  0.50  0.00 3.85
 0.50  -0.50  0.00 0.32
 0.50  0.50  0.00 1.36
 -0.50  -0.75  0.00 -1.33
 0.50  -0.75  0.00 -1.98
 -0.50  -1.00  0.00 -2.87
 0.50  -1.00  0.00 -3.21
 -0.50  -1.25  0.00 -4.06
 0.50  -1.25  0.00 -2.77
 -0.50  -1.50  0.00 -5.37
 0.50  -1.50  0.00 -5.11
 -0.50  -1.75  0.00 -7.59
 0.50  -1.75  0.00 -7.22
 -0.50  -2.00  0.00 -10.00
 0.50  -2.00  0.00 -8.74
 -0.75  0.00  0.00 1.59
 0.75  0.00  0.00 2.43
 -0.75  -0.25  0.00 1.24
 -0.75  0.25  0.00 2.92
 0.75  -0.25  0.00 1.50
 0.75  0.25  0.00 3.29
 -0.75  -0.50  0.00 0.85
 -0.75  0.50  0.00 3.30
 0.75  -0.50  0.00 0.60
 0.75  0.50  0.00 2.62
 -0.75  -0.75  0.00 -0.46
 0.75  -0.75  0.00 -0.07
 -0.75  -1.00  0.00 -1.20
 0.75  -1.00  0.00 -2.04
 -0.75  -1.25  0.00 -2.67
 0.75  -1.25  0.00 -3.42
 -0.75  -1.50  0.00 -5.44
 0.75  -1.50  0.00 -5.18
 -0.75  -1.75  0.00 -7.77
 0.75  -1.75  0.00 -7.69
 -0.75  -2.00  0.00 -7.83
 0.75  -2.00  0.00 -8.75
 -1.00  0.00  0.00 2.66
 1.00  0.00  0.00 2.61
 -1.00  -0.25  0.00 3.02
 -1.00  0.25  0.00 2.58
 1.00  -0.25  0.00 1.46
 1.00  0.25  0.00 2.66
 -1.00  -0.50  0.00 1.83
 -1.00  0.50  0.00 2.28
 1.00  -0.50  0.00 1.07
 1.00  0.50  0.00 3.07
 -1.00  -0.75  0.00 -0.85
 1.00  -0.75  0.00 -1.20
 -1.00  -1.00  0.00 -2.37
 1.00  -1.00  0.00 -1.53
 -1.00  -1.25  0.00 -4.15
 1.00  -1.25  0.00 -2.08
 -1.00  -1.50  0.00 -4.51
 1.00  -1.50  0.00 -6.02
 -1.00  -1.75  0.00 -4.56
 1.00  -1.75  0.00 -6.45
 -1.00  -2.00  0.00 -6.00
 1.00  -2.00  0.00 -5.66
 -1.25  0.00  0.00 2.21
 1.25  0.00  0.00 1.26
 -1.25  -0.25  0.00 2.21
 -1.25  0.25  0.00 2.94
 1.25  -0.25  0.00 1.02
 1.25  0.25  0.00 1.86
 -1.25  -0.50  0.00 -0.05
 -1.25  0.50  0.00 3.37
 1.25  -0.50  0.00 1.36
 1.25  0.50  0.00 3.74
 -1.25  -0.75  0.00 -2.57
 1.25  -0.75  0.00 -0.22
 -1.25  -1.00  0.00 -3.42
 1.25  -1.00  0.00 -2.00
 -1.25  -1.25  0.00 -3.28
 1.25  -1.25  0.00 -2.82
 -1.25  -1.50  0.00 -3.55
 1.25  -1.50  0.00 -3.91
 -1.25  -1.75  0.00 -5.72
 1.25  -1.75  0.00 -4.33
 -1.25  -2.00  0.00 -9.01
 1.25  -2.00  0.00 -6.81
 -1.50  0.00  0.00 0.47
 1.50  0.00  0.00 1.92
 -1.50  -0.25  0.00 1.11
 -1.50  0.25  0.00 2.67
 1.50  -0.25  0.00 2.38
 1.50  0.25  0.00 3.19
 -1.50  -0.50  0.00 -0.69
 -1.50  0.50  0.00 3.96
 1.50  -0.50  0.00 0.38
 1.50  0.50  0.00 2.98
 -1.50  -0.75  0.00 -2.58
 1.50  -0.75  0.00 -1.90
 -1.50  -1.00  0.00 -2.19
 1.50  -1.00  0.00 -2.72
 -1.50  -1.25  0.00 -2.37
 1.50  -1.25  0.00 -2.66
 -1.50  -1.50  0.00 -4.17
 1.50  -1.50  0.00 -1.27
 -1.50  -1.75  0.00 -8.54
 1.50  -1.75  0.00 -3.84
 -1.50  -2.00  0.00 -5.65
 1.50  -2.00  0.00 -4.88
 -1.75  0.00  0.00 0.41
 -1.75  -0.25  0.00 -0.19
 -1.75  0.25  0.00 1.04
 -1.75  -0.50  0.00 -0.47
 -1.75  0.50  0.00 2.21
 -1.75  -0.75  0.00 -1.30
 -1.75  -1.00  0.00 -1.03
 -1.75  -1.25  0.00 -2.71
 -1.75  -1.50  0.00 -5.74
 -1.75  -1.75  0.00 -5.26
 -1.75  -2.00  0.00 -3.45
 -2.00  0.00  0.00 1.41
 -2.00  -0.25  0.00 0.83
 -2.00  0.25  0.00 1.63
 -2.00  -0.50  0.00 -0.61
 -2.00  0.50  0.00 2.42
 -2.00  -0.75  0.00 -1.43
 -2.00  -1.00  0.00 -3.14
 -2.00  -1.25  0.00 -4.00
 -2.00  -1.50  0.00 -4.35
 -2.00  -1.75  0.00 -3.90
 -2.00  -2.00  0.00 -3.60
