 0.00  0.00  0.00 15.00
 0.00  -0.50  0.00 13.67
 0.00  0.50  0.00 14.96
 0.00  -1.00  0.00 9.79
 0.00  -1.50  0.00 4.42
 0.00  -2.00  0.00 8.59
 -0.50  0.00  0.00 14.23
 0.50  0.00  0.00 15.58
 -0.50  -0.50  0.00 12.89
 -0.50  0.50  0.00 14.91
 0.50  -0.50  0.00 14.13
 0.50  0.50  0.00 14.69
 -0.50  -1.00  0.00 10.62
 0.50  -1.00  0.00 11.66
 -0.50  -1.50  0.00 9.18
 0.50  -1.50  0.00 10.82
 -0.50  -2.00  0.00 8.10
 0.50  -2.00  0.00 11.24
 -1.00  0.00  0.00 15.16
 1.00  0.00  0.00 13.90
 -1.00  -0.50  0.00 14.46
 -1.00  0.50  0.00 14.32
 1.00  -0.50  0.00 14.00
 1.00  0.50  0.00 16.06
 -1.00  -1.00  0.00 11.50
 1.00  -1.00  0.00 12.87
 -1.00  -1.50  0.00 11.09
 1.00  -1.50  0.00 13.02
 -1.00  -2.00  0.00 7.74
 1.00  -2.00  0.00 11.19
 -1.50  0.00  0.00 13.99
 1.50  0.00  0.00 15.82
 -1.50  -0.50  0.00 13.90
 -1.50  0.50  0.00 14.45
 1.50  -0.50  0.00 17.44
 1.50  0.50  0.00 17.41
 -1.50  -1.00  0.00 10.14
 1.50  -1.00  0.00 14.04
 -1.50  -1.50  0.00 9.70
 1.50  -1.50  0.00 12.86
 -1.50  -2.00  0.00 6.95
 1.50  -2.00  0.00 12.65
 -2.00  0.00  0.00 13.63
 -2.00  -0.50  0.00 13.71
 -2.00  0.50  0.00 15.29
 -2.00  -1.00  0.00 8.69
 -2.00  -1.50  0.00 9.99
 -2.00  -2.00  0.00 7.69
