 0.00  0.00  0.00 15.00
 0.00  -0.50  0.00 13.14
 0.00  0.50  0.00 15.46
 0.00  -1.00  0.00 10.02
 0.00  -1.50  0.00 4.54
 0.00  -2.00  0.00 7.09
 -0.50  0.00  0.00 14.52
 0.50  0.00  0.00 15.94
 -0.50  -0.50  0.00 12.65
 -0.50  0.50  0.00 15.63
 0.50  -0.50  0.00 13.28
 0.50  0.50  0.00 15.45
 -0.50  -1.00  0.00 10.59
 0.50  -1.00  0.00 11.35
 -0.50  -1.50  0.00 8.69
 0.50  -1.50  0.00 10.30
 -0.50  -2.00  0.00 7.44
 0.50  -2.00  0.00 9.46
 -1.00  0.00  0.00 14.96
 1.00  0.00  0.00 15.30
 -1.00  -0.50  0.00 13.98
 -1.00  0.50  0.00 14.82
 1.00  -0.50  0.00 13.22
 1.00  0.50  0.00 16.56
 -1.00  -1.00  0.00 10.93
 1.00  -1.00  0.00 12.74
 -1.00  -1.50  0.00 10.59
 1.00  -1.50  0.00 12.38
 -1.00  -2.00  0.00 6.75
 1.00  -2.00  0.00 9.31
 -1.50  0.00  0.00 13.15
 1.50  0.00  0.00 16.42
 -1.50  -0.50  0.00 13.30
 -1.50  0.50  0.00 14.84
 1.50  -0.50  0.00 15.60
 1.50  0.50  0.00 17.54
 -1.50  -1.00  0.00 9.57
 1.50  -1.00  0.00 13.52
 -1.50  -1.50  0.00 9.51
 1.50  -1.50  0.00 13.45
 -1.50  -2.00  0.00 6.44
 1.50  -2.00  0.00 11.41
 -2.00  0.00  0.00 13.64
 -2.00  -0.50  0.00 12.74
 -2.00  0.50  0.00 15.73
 -2.00  -1.00  0.00 9.09
 -2.00  -1.50  0.00 9.00
 -2.00  -2.00  0.00 7.36
