 0.00  0.00  0.00 15.39
 0.00  -0.50  0.00 12.91
 0.00  0.50  0.00 15.64
 0.00  -1.00  0.00 10.04
 0.00  -1.50  0.00 4.72
 0.00  -2.00  0.00 7.24
 -0.50  0.00  0.00 14.93
 0.50  0.00  0.00 16.02
 -0.50  -0.50  0.00 12.48
 -0.50  0.50  0.00 15.96
 0.50  -0.50  0.00 13.43
 0.50  0.50  0.00 15.49
 -0.50  -1.00  0.00 11.09
 0.50  -1.00  0.00 11.21
 -0.50  -1.50  0.00 8.82
 0.50  -1.50  0.00 10.50
 -0.50  -2.00  0.00 7.49
 0.50  -2.00  0.00 9.74
 -1.00  0.00  0.00 15.48
 1.00  0.00  0.00 15.30
 -1.00  -0.50  0.00 13.86
 -1.00  0.50  0.00 15.07
 1.00  -0.50  0.00 13.45
 1.00  0.50  0.00 16.49
 -1.00  -1.00  0.00 10.79
 1.00  -1.00  0.00 13.12
 -1.00  -1.50  0.00 10.43
 1.00  -1.50  0.00 12.60
 -1.00  -2.00  0.00 6.84
 1.00  -2.00  0.00 9.78
 -1.50  0.00  0.00 13.18
 1.50  0.00  0.00 16.40
 -1.50  -0.50  0.00 13.30
 -1.50  0.50  0.00 15.41
 1.50  -0.50  0.00 15.55
 1.50  0.50  0.00 17.38
 -1.50  -1.00  0.00 9.92
 1.50  -1.00  0.00 13.75
 -1.50  -1.50  0.00 9.42
 1.50  -1.50  0.00 13.84
 -1.50  -2.00  0.00 6.64
 1.50  -2.00  0.00 11.31
 -2.00  0.00  0.00 13.65
 -2.00  -0.50  0.00 12.36
 -2.00  0.50  0.00 15.42
 -2.00  -1.00  0.00 9.10
 -2.00  -1.50  0.00 9.64
 -2.00  -2.00  0.00 7.53
