 0.00  0.00  0.00 15.24
 0.00  -0.50  0.00 12.69
 0.00  0.50  0.00 15.71
 0.00  -1.00  0.00 9.91
 0.00  -1.50  0.00 4.12
 0.00  -2.00  0.00 6.77
 -0.50  0.00  0.00 14.89
 0.50  0.00  0.00 15.36
 -0.50  -0.50  0.00 12.70
 -0.50  0.50  0.00 15.87
 0.50  -0.50  0.00 13.24
 0.50  0.50  0.00 15.30
 -0.50  -1.00  0.00 10.98
 0.50  -1.00  0.00 10.45
 -0.50  -1.50  0.00 9.47
 0.50  -1.50  0.00 9.11
 -0.50  -2.00  0.00 8.14
 0.50  -2.00  0.00 7.97
 -1.00  0.00  0.00 16.30
 1.00  0.00  0.00 13.18
 -1.00  -0.50  0.00 14.58
 -1.00  0.50  0.00 15.75
 1.00  -0.50  0.00 12.85
 1.00  0.50  0.00 14.68
 -1.00  -1.00  0.00 12.54
 1.00  -1.00  0.00 11.45
 -1.00  -1.50  0.00 11.89
 1.00  -1.50  0.00 11.06
 -1.00  -2.00  0.00 8.78
 1.00  -2.00  0.00 7.66
 -1.50  0.00  0.00 15.86
 1.50  0.00  0.00 15.37
 -1.50  -0.50  0.00 14.65
 -1.50  0.50  0.00 16.59
 1.50  -0.50  0.00 15.63
 1.50  0.50  0.00 15.90
 -1.50  -1.00  0.00 12.18
 1.50  -1.00  0.00 11.26
 -1.50  -1.50  0.00 11.13
 1.50  -1.50  0.00 11.04
 -1.50  -2.00  0.00 9.22
 1.50  -2.00  0.00 9.76
 -2.00  0.00  0.00 16.11
 -2.00  -0.50  0.00 13.69
 -2.00  0.50  0.00 17.41
 -2.00  -1.00  0.00 11.83
 -2.00  -1.50  0.00 12.27
 -2.00  -2.00  0.00 10.43
