 0.00  0.00  0.00 15.40
 0.00  -0.50  0.00 13.27
 0.00  0.50  0.00 15.52
 0.00  -1.00  0.00 10.01
 0.00  -1.50  0.00 4.93
 0.00  -2.00  0.00 7.06
 -0.50  0.00  0.00 14.73
 0.50  0.00  0.00 16.09
 -0.50  -0.50  0.00 12.65
 -0.50  0.50  0.00 15.97
 0.50  -0.50  0.00 13.78
 0.50  0.50  0.00 15.70
 -0.50  -1.00  0.00 11.06
 0.50  -1.00  0.00 11.43
 -0.50  -1.50  0.00 8.62
 0.50  -1.50  0.00 10.12
 -0.50  -2.00  0.00 7.55
 0.50  -2.00  0.00 9.81
 -1.00  0.00  0.00 15.35
 1.00  0.00  0.00 15.51
 -1.00  -0.50  0.00 14.18
 -1.00  0.50  0.00 14.91
 1.00  -0.50  0.00 13.60
 1.00  0.50  0.00 16.39
 -1.00  -1.00  0.00 10.88
 1.00  -1.00  0.00 12.90
 -1.00  -1.50  0.00 10.95
 1.00  -1.50  0.00 12.82
 -1.00  -2.00  0.00 6.67
 1.00  -2.00  0.00 10.34
 -1.50  0.00  0.00 13.20
 1.50  0.00  0.00 16.46
 -1.50  -0.50  0.00 13.51
 -1.50  0.50  0.00 15.22
 1.50  -0.50  0.00 15.84
 1.50  0.50  0.00 17.57
 -1.50  -1.00  0.00 9.91
 1.50  -1.00  0.00 13.93
 -1.50  -1.50  0.00 9.55
 1.50  -1.50  0.00 13.68
 -1.50  -2.00  0.00 6.52
 1.50  -2.00  0.00 11.39
 -2.00  0.00  0.00 14.09
 -2.00  -0.50  0.00 12.65
 -2.00  0.50  0.00 15.75
 -2.00  -1.00  0.00 8.91
 -2.00  -1.50  0.00 9.75
 -2.00  -2.00  0.00 7.36
