 0.00  0.00  0.00 -47.71
 0.00  -0.50  0.00 -49.49
 0.00  0.50  0.00 -48.39
 0.00  -1.00  0.00 -53.42
 0.00  -1.50  0.00 -58.74
 0.00  -2.00  0.00 -55.26
 -0.50  0.00  0.00 -48.28
 0.50  0.00  0.00 -47.56
 -0.50  -0.50  0.00 -48.96
 -0.50  0.50  0.00 -47.68
 0.50  -0.50  0.00 -48.84
 0.50  0.50  0.00 -48.09
 -0.50  -1.00  0.00 -52.44
 0.50  -1.00  0.00 -52.47
 -0.50  -1.50  0.00 -53.54
 0.50  -1.50  0.00 -53.64
 -0.50  -2.00  0.00 -54.30
 0.50  -2.00  0.00 -54.44
 -1.00  0.00  0.00 -46.91
 1.00  0.00  0.00 -49.94
 -1.00  -0.50  0.00 -46.96
 -1.00  0.50  0.00 -48.17
 1.00  -0.50  0.00 -48.44
 1.00  0.50  0.00 -49.14
 -1.00  -1.00  0.00 -50.88
 1.00  -1.00  0.00 -51.82
 -1.00  -1.50  0.00 -50.06
 1.00  -1.50  0.00 -51.92
 -1.00  -2.00  0.00 -52.86
 1.00  -2.00  0.00 -54.72
 -1.50  0.00  0.00 -48.11
 1.50  0.00  0.00 -47.06
 -1.50  -0.50  0.00 -46.64
 -1.50  0.50  0.00 -46.92
 1.50  -0.50  0.00 -45.64
 1.50  0.50  0.00 -47.78
 -1.50  -1.00  0.00 -50.56
 1.50  -1.00  0.00 -51.92
 -1.50  -1.50  0.00 -49.93
 1.50  -1.50  0.00 -51.48
 -1.50  -2.00  0.00 -52.43
 1.50  -2.00  0.00 -52.30
 -2.00  0.00  0.00 -46.70
 -2.00  -0.50  0.00 -46.14
 -2.00  0.50  0.00 -46.00
 -2.00  -1.00  0.00 -49.49
 -2.00  -1.50  0.00 -50.82
 -2.00  -2.00  0.00 -51.55
