 0.00  0.00  0.00 14.96
 0.00  -0.50  0.00 13.89
 0.00  0.50  0.00 15.28
 0.00  -1.00  0.00 9.61
 0.00  -1.50  0.00 4.58
 0.00  -2.00  0.00 8.47
 -0.50  0.00  0.00 14.49
 0.50  0.00  0.00 15.48
 -0.50  -0.50  0.00 12.91
 -0.50  0.50  0.00 15.43
 0.50  -0.50  0.00 14.22
 0.50  0.50  0.00 15.01
 -0.50  -1.00  0.00 10.76
 0.50  -1.00  0.00 11.50
 -0.50  -1.50  0.00 9.03
 0.50  -1.50  0.00 11.13
 -0.50  -2.00  0.00 7.86
 0.50  -2.00  0.00 11.99
 -1.00  0.00  0.00 14.96
 1.00  0.00  0.00 14.30
 -1.00  -0.50  0.00 14.49
 -1.00  0.50  0.00 14.82
 1.00  -0.50  0.00 13.92
 1.00  0.50  0.00 15.83
 -1.00  -1.00  0.00 11.83
 1.00  -1.00  0.00 12.99
 -1.00  -1.50  0.00 11.35
 1.00  -1.50  0.00 13.67
 -1.00  -2.00  0.00 7.81
 1.00  -2.00  0.00 11.34
 -1.50  0.00  0.00 13.76
 1.50  0.00  0.00 15.97
 -1.50  -0.50  0.00 14.28
 -1.50  0.50  0.00 14.66
 1.50  -0.50  0.00 17.24
 1.50  0.50  0.00 17.63
 -1.50  -1.00  0.00 10.26
 1.50  -1.00  0.00 14.43
 -1.50  -1.50  0.00 9.72
 1.50  -1.50  0.00 13.62
 -1.50  -2.00  0.00 6.96
 1.50  -2.00  0.00 13.12
 -2.00  0.00  0.00 13.91
 -2.00  -0.50  0.00 13.86
 -2.00  0.50  0.00 15.34
 -2.00  -1.00  0.00 8.72
 -2.00  -1.50  0.00 10.16
 -2.00  -2.00  0.00 7.79
