 0.00  0.00  0.00 7.78
 0.00  -0.50  0.00 8.29
 0.00  0.50  0.00 8.89
 0.00  -1.00  0.00 3.50
 0.00  -1.50  0.00 -3.38
 0.00  -2.00  0.00 3.32
 -0.50  0.00  0.00 7.80
 0.50  0.00  0.00 7.55
 -0.50  -0.50  0.00 7.72
 -0.50  0.50  0.00 9.25
 0.50  -0.50  0.00 7.85
 0.50  0.50  0.00 8.39
 -0.50  -1.00  0.00 4.16
 0.50  -1.00  0.00 4.13
 -0.50  -1.50  0.00 3.49
 0.50  -1.50  0.00 3.34
 -0.50  -2.00  0.00 2.34
 0.50  -2.00  0.00 1.38
 -1.00  0.00  0.00 7.96
 1.00  0.00  0.00 5.08
 -1.00  -0.50  0.00 8.95
 -1.00  0.50  0.00 8.66
 1.00  -0.50  0.00 7.70
 1.00  0.50  0.00 8.27
 -1.00  -1.00  0.00 5.68
 1.00  -1.00  0.00 5.18
 -1.00  -1.50  0.00 6.03
 1.00  -1.50  0.00 4.05
 -1.00  -2.00  0.00 1.72
 1.00  -2.00  0.00 2.06
 -1.50  0.00  0.00 7.73
 1.50  0.00  0.00 7.48
 -1.50  -0.50  0.00 8.94
 -1.50  0.50  0.00 8.56
 1.50  -0.50  0.00 11.05
 1.50  0.50  0.00 9.77
 -1.50  -1.00  0.00 4.04
 1.50  -1.00  0.00 5.19
 -1.50  -1.50  0.00 4.65
 1.50  -1.50  0.00 5.60
 -1.50  -2.00  0.00 1.86
 1.50  -2.00  0.00 3.97
 -2.00  0.00  0.00 7.85
 -2.00  -0.50  0.00 8.79
 -2.00  0.50  0.00 11.19
 -2.00  -1.00  0.00 4.45
 -2.00  -1.50  0.00 5.70
 -2.00  -2.00  0.00 3.20
