 0.00  0.00  0.00 6.80
 0.00  -0.50  0.00 3.95
 0.00  0.50  0.00 6.70
 0.00  -1.00  0.00 1.74
 0.00  -1.50  0.00 -3.43
 0.00  -2.00  0.00 -3.13
 -0.50  0.00  0.00 7.93
 0.50  0.00  0.00 7.02
 -0.50  -0.50  0.00 3.80
 -0.50  0.50  0.00 7.76
 0.50  -0.50  0.00 4.74
 0.50  0.50  0.00 6.16
 -0.50  -1.00  0.00 2.87
 0.50  -1.00  0.00 2.81
 -0.50  -1.50  0.00 -0.48
 0.50  -1.50  0.00 2.26
 -0.50  -2.00  0.00 -3.81
 0.50  -2.00  0.00 -1.02
 -1.00  0.00  0.00 7.06
 1.00  0.00  0.00 8.18
 -1.00  -0.50  0.00 4.66
 -1.00  0.50  0.00 7.34
 1.00  -0.50  0.00 5.82
 1.00  0.50  0.00 8.89
 -1.00  -1.00  0.00 2.02
 1.00  -1.00  0.00 4.87
 -1.00  -1.50  0.00 1.49
 1.00  -1.50  0.00 3.76
 -1.00  -2.00  0.00 -2.37
 1.00  -2.00  0.00 1.94
 -1.50  0.00  0.00 6.02
 1.50  0.00  0.00 9.35
 -1.50  -0.50  0.00 4.30
 -1.50  0.50  0.00 6.88
 1.50  -0.50  0.00 6.48
 1.50  0.50  0.00 9.60
 -1.50  -1.00  0.00 2.89
 1.50  -1.00  0.00 4.57
 -1.50  -1.50  0.00 0.14
 1.50  -1.50  0.00 5.47
 -1.50  -2.00  0.00 -2.90
 1.50  -2.00  0.00 3.24
 -2.00  0.00  0.00 7.81
 -2.00  -0.50  0.00 2.99
 -2.00  0.50  0.00 8.25
 -2.00  -1.00  0.00 -1.13
 -2.00  -1.50  0.00 0.72
 -2.00  -2.00  0.00 -1.52
