 0.00  0.00  0.00 3.29
 0.00  -0.50  0.00 3.94
 0.00  0.50  0.00 3.94
 0.00  -1.00  0.00 -0.63
 0.00  -1.50  0.00 -7.56
 0.00  -2.00  0.00 -1.78
 -0.50  0.00  0.00 3.00
 0.50  0.00  0.00 3.08
 -0.50  -0.50  0.00 4.30
 -0.50  0.50  0.00 5.56
 0.50  -0.50  0.00 3.21
 0.50  0.50  0.00 3.88
 -0.50  -1.00  0.00 0.39
 0.50  -1.00  0.00 -0.34
 -0.50  -1.50  0.00 -0.50
 0.50  -1.50  0.00 -1.67
 -0.50  -2.00  0.00 -0.97
 0.50  -2.00  0.00 -3.47
 -1.00  0.00  0.00 3.62
 1.00  0.00  0.00 -0.28
 -1.00  -0.50  0.00 4.70
 -1.00  0.50  0.00 4.90
 1.00  -0.50  0.00 2.98
 1.00  0.50  0.00 3.03
 -1.00  -1.00  0.00 1.65
 1.00  -1.00  0.00 -0.03
 -1.00  -1.50  0.00 1.96
 1.00  -1.50  0.00 -0.81
 -1.00  -2.00  0.00 -1.28
 1.00  -2.00  0.00 -2.65
 -1.50  0.00  0.00 3.50
 1.50  0.00  0.00 2.74
 -1.50  -0.50  0.00 5.96
 -1.50  0.50  0.00 4.22
 1.50  -0.50  0.00 6.52
 1.50  0.50  0.00 4.54
 -1.50  -1.00  0.00 0.41
 1.50  -1.00  0.00 0.79
 -1.50  -1.50  0.00 0.71
 1.50  -1.50  0.00 -0.15
 -1.50  -2.00  0.00 -0.95
 1.50  -2.00  0.00 -0.90
 -2.00  0.00  0.00 5.21
 -2.00  -0.50  0.00 5.87
 -2.00  0.50  0.00 6.95
 -2.00  -1.00  0.00 1.26
 -2.00  -1.50  0.00 2.03
 -2.00  -2.00  0.00 -0.40
