 0.00  0.00  0.00 15.28
 0.00  -0.50  0.00 13.61
 0.00  0.50  0.00 15.19
 0.00  -1.00  0.00 9.83
 0.00  -1.50  0.00 4.68
 0.00  -2.00  0.00 8.56
 -0.50  0.00  0.00 14.40
 0.50  0.00  0.00 15.47
 -0.50  -0.50  0.00 12.99
 -0.50  0.50  0.00 15.26
 0.50  -0.50  0.00 14.02
 0.50  0.50  0.00 14.96
 -0.50  -1.00  0.00 10.63
 0.50  -1.00  0.00 11.27
 -0.50  -1.50  0.00 9.38
 0.50  -1.50  0.00 10.95
 -0.50  -2.00  0.00 8.31
 0.50  -2.00  0.00 10.93
 -1.00  0.00  0.00 15.12
 1.00  0.00  0.00 14.54
 -1.00  -0.50  0.00 14.54
 -1.00  0.50  0.00 14.79
 1.00  -0.50  0.00 13.85
 1.00  0.50  0.00 16.14
 -1.00  -1.00  0.00 11.31
 1.00  -1.00  0.00 12.88
 -1.00  -1.50  0.00 11.22
 1.00  -1.50  0.00 13.39
 -1.00  -2.00  0.00 7.84
 1.00  -2.00  0.00 11.46
 -1.50  0.00  0.00 13.62
 1.50  0.00  0.00 16.00
 -1.50  -0.50  0.00 14.46
 -1.50  0.50  0.00 14.51
 1.50  -0.50  0.00 17.54
 1.50  0.50  0.00 17.67
 -1.50  -1.00  0.00 10.16
 1.50  -1.00  0.00 14.44
 -1.50  -1.50  0.00 9.56
 1.50  -1.50  0.00 13.22
 -1.50  -2.00  0.00 7.32
 1.50  -2.00  0.00 12.70
 -2.00  0.00  0.00 13.80
 -2.00  -0.50  0.00 13.65
 -2.00  0.50  0.00 15.16
 -2.00  -1.00  0.00 8.87
 -2.00  -1.50  0.00 10.33
 -2.00  -2.00  0.00 7.63
