 0.00  0.00  0.00 13.89
 0.00  -0.50  0.00 16.44
 0.00  0.50  0.00 15.08
 0.00  -1.00  0.00 10.33
 0.00  -1.50  0.00 4.73
 0.00  -2.00  0.00 9.80
 -0.50  0.00  0.00 13.75
 0.50  0.00  0.00 14.46
 -0.50  -0.50  0.00 15.26
 -0.50  0.50  0.00 16.21
 0.50  -0.50  0.00 15.91
 0.50  0.50  0.00 15.68
 -0.50  -1.00  0.00 10.99
 0.50  -1.00  0.00 11.07
 -0.50  -1.50  0.00 10.31
 0.50  -1.50  0.00 11.04
 -0.50  -2.00  0.00 9.45
 0.50  -2.00  0.00 10.20
 -1.00  0.00  0.00 14.26
 1.00  0.00  0.00 12.04
 -1.00  -0.50  0.00 15.94
 -1.00  0.50  0.00 14.81
 1.00  -0.50  0.00 16.12
 1.00  0.50  0.00 14.86
 -1.00  -1.00  0.00 11.48
 1.00  -1.00  0.00 12.18
 -1.00  -1.50  0.00 11.85
 1.00  -1.50  0.00 12.46
 -1.00  -2.00  0.00 8.44
 1.00  -2.00  0.00 10.05
 -1.50  0.00  0.00 12.32
 1.50  0.00  0.00 14.06
 -1.50  -0.50  0.00 16.00
 -1.50  0.50  0.00 13.92
 1.50  -0.50  0.00 18.89
 1.50  0.50  0.00 16.73
 -1.50  -1.00  0.00 10.22
 1.50  -1.00  0.00 12.45
 -1.50  -1.50  0.00 11.20
 1.50  -1.50  0.00 11.87
 -1.50  -2.00  0.00 8.10
 1.50  -2.00  0.00 11.26
 -2.00  0.00  0.00 12.98
 -2.00  -0.50  0.00 15.69
 -2.00  0.50  0.00 16.22
 -2.00  -1.00  0.00 10.42
 -2.00  -1.50  0.00 10.96
 -2.00  -2.00  0.00 8.58
