 0.00  0.00  0.00 -9.14
 0.00  -0.50  0.00 -12.06
 0.00  0.50  0.00 -9.23
 0.00  -1.00  0.00 -14.11
 0.00  -1.50  0.00 -19.88
 0.00  -2.00  0.00 -16.75
 -0.50  0.00  0.00 -9.06
 0.50  0.00  0.00 -8.48
 -0.50  -0.50  0.00 -11.65
 -0.50  0.50  0.00 -8.86
 0.50  -0.50  0.00 -11.16
 0.50  0.50  0.00 -8.66
 -0.50  -1.00  0.00 -13.21
 0.50  -1.00  0.00 -12.49
 -0.50  -1.50  0.00 -16.05
 0.50  -1.50  0.00 -13.57
 -0.50  -2.00  0.00 -17.49
 0.50  -2.00  0.00 -14.41
 -1.00  0.00  0.00 -9.19
 1.00  0.00  0.00 -8.63
 -1.00  -0.50  0.00 -10.60
 -1.00  0.50  0.00 -9.18
 1.00  -0.50  0.00 -10.72
 1.00  0.50  0.00 -7.69
 -1.00  -1.00  0.00 -13.42
 1.00  -1.00  0.00 -11.00
 -1.00  -1.50  0.00 -13.90
 1.00  -1.50  0.00 -11.92
 -1.00  -2.00  0.00 -17.18
 1.00  -2.00  0.00 -13.63
 -1.50  0.00  0.00 -10.34
 1.50  0.00  0.00 -6.18
 -1.50  -0.50  0.00 -10.37
 -1.50  0.50  0.00 -9.16
 1.50  -0.50  0.00 -7.53
 1.50  0.50  0.00 -5.57
 -1.50  -1.00  0.00 -14.44
 1.50  -1.00  0.00 -9.63
 -1.50  -1.50  0.00 -15.19
 1.50  -1.50  0.00 -10.17
 -1.50  -2.00  0.00 -17.50
 1.50  -2.00  0.00 -11.79
 -2.00  0.00  0.00 -9.16
 -2.00  -0.50  0.00 -10.92
 -2.00  0.50  0.00 -7.17
 -2.00  -1.00  0.00 -14.77
 -2.00  -1.50  0.00 -14.14
 -2.00  -2.00  0.00 -16.12
