 0.00  0.00  0.00 -47.60
 0.00  -0.50  0.00 -49.14
 0.00  0.50  0.00 -48.03
 0.00  -1.00  0.00 -53.52
 0.00  -1.50  0.00 -58.39
 0.00  -2.00  0.00 -54.62
 -0.50  0.00  0.00 -48.57
 0.50  0.00  0.00 -47.35
 -0.50  -0.50  0.00 -49.90
 -0.50  0.50  0.00 -47.97
 0.50  -0.50  0.00 -48.34
 0.50  0.50  0.00 -48.44
 -0.50  -1.00  0.00 -52.50
 0.50  -1.00  0.00 -52.39
 -0.50  -1.50  0.00 -54.37
 0.50  -1.50  0.00 -52.27
 -0.50  -2.00  0.00 -55.31
 0.50  -2.00  0.00 -53.06
 -1.00  0.00  0.00 -48.08
 1.00  0.00  0.00 -48.71
 -1.00  -0.50  0.00 -48.14
 -1.00  0.50  0.00 -48.61
 1.00  -0.50  0.00 -48.78
 1.00  0.50  0.00 -47.62
 -1.00  -1.00  0.00 -51.65
 1.00  -1.00  0.00 -50.68
 -1.00  -1.50  0.00 -52.09
 1.00  -1.50  0.00 -50.34
 -1.00  -2.00  0.00 -56.54
 1.00  -2.00  0.00 -52.04
 -1.50  0.00  0.00 -50.23
 1.50  0.00  0.00 -46.80
 -1.50  -0.50  0.00 -48.08
 -1.50  0.50  0.00 -48.95
 1.50  -0.50  0.00 -44.79
 1.50  0.50  0.00 -46.26
 -1.50  -1.00  0.00 -53.40
 1.50  -1.00  0.00 -48.06
 -1.50  -1.50  0.00 -53.37
 1.50  -1.50  0.00 -50.19
 -1.50  -2.00  0.00 -56.95
 1.50  -2.00  0.00 -49.96
 -2.00  0.00  0.00 -48.78
 -2.00  -0.50  0.00 -49.15
 -2.00  0.50  0.00 -48.37
 -2.00  -1.00  0.00 -54.06
 -2.00  -1.50  0.00 -53.31
 -2.00  -2.00  0.00 -54.96
