 0.00  0.00  0.00 -47.30
 0.00  -0.50  0.00 -50.23
 0.00  0.50  0.00 -47.49
 0.00  -1.00  0.00 -53.44
 0.00  -1.50  0.00 -59.16
 0.00  -2.00  0.00 -56.00
 -0.50  0.00  0.00 -48.24
 0.50  0.00  0.00 -47.46
 -0.50  -0.50  0.00 -50.30
 -0.50  0.50  0.00 -47.44
 0.50  -0.50  0.00 -49.73
 0.50  0.50  0.00 -47.96
 -0.50  -1.00  0.00 -52.49
 0.50  -1.00  0.00 -53.31
 -0.50  -1.50  0.00 -54.14
 0.50  -1.50  0.00 -54.50
 -0.50  -2.00  0.00 -55.29
 0.50  -2.00  0.00 -54.72
 -1.00  0.00  0.00 -45.86
 1.00  0.00  0.00 -48.86
 -1.00  -0.50  0.00 -47.57
 -1.00  0.50  0.00 -47.43
 1.00  -0.50  0.00 -49.43
 1.00  0.50  0.00 -48.27
 -1.00  -1.00  0.00 -50.74
 1.00  -1.00  0.00 -52.33
 -1.00  -1.50  0.00 -50.89
 1.00  -1.50  0.00 -52.22
 -1.00  -2.00  0.00 -54.91
 1.00  -2.00  0.00 -54.76
 -1.50  0.00  0.00 -46.61
 1.50  0.00  0.00 -47.38
 -1.50  -0.50  0.00 -47.78
 -1.50  0.50  0.00 -46.10
 1.50  -0.50  0.00 -46.79
 1.50  0.50  0.00 -47.23
 -1.50  -1.00  0.00 -50.77
 1.50  -1.00  0.00 -51.64
 -1.50  -1.50  0.00 -51.59
 1.50  -1.50  0.00 -51.38
 -1.50  -2.00  0.00 -54.20
 1.50  -2.00  0.00 -52.34
 -2.00  0.00  0.00 -46.59
 -2.00  -0.50  0.00 -48.89
 -2.00  0.50  0.00 -45.69
 -2.00  -1.00  0.00 -50.81
 -2.00  -1.50  0.00 -50.80
 -2.00  -2.00  0.00 -52.48
