 0.00  0.00  0.00 -15.33
 0.00  -0.50  0.00 -16.45
 0.00  0.50  0.00 -14.20
 0.00  -1.00  0.00 -19.91
 0.00  -1.50  0.00 -25.00
 0.00  -2.00  0.00 -28.42
 -0.50  0.00  0.00 -13.56
 0.50  0.00  0.00 -14.12
 -0.50  -0.50  0.00 -17.66
 -0.50  0.50  0.00 -12.13
 0.50  -0.50  0.00 -15.77
 0.50  0.50  0.00 -14.11
 -0.50  -1.00  0.00 -19.72
 0.50  -1.00  0.00 -17.20
 -0.50  -1.50  0.00 -23.35
 0.50  -1.50  0.00 -18.85
 -0.50  -2.00  0.00 -26.36
 0.50  -2.00  0.00 -22.21
 -1.00  0.00  0.00 -14.71
 1.00  0.00  0.00 -11.23
 -1.00  -0.50  0.00 -16.29
 -1.00  0.50  0.00 -14.34
 1.00  -0.50  0.00 -13.82
 1.00  0.50  0.00 -10.96
 -1.00  -1.00  0.00 -19.46
 1.00  -1.00  0.00 -15.16
 -1.00  -1.50  0.00 -21.61
 1.00  -1.50  0.00 -17.14
 -1.00  -2.00  0.00 -23.05
 1.00  -2.00  0.00 -15.87
 -1.50  0.00  0.00 -15.09
 1.50  0.00  0.00 -10.75
 -1.50  -0.50  0.00 -17.24
 -1.50  0.50  0.00 -13.23
 1.50  -0.50  0.00 -12.47
 1.50  0.50  0.00 -9.54
 -1.50  -1.00  0.00 -19.26
 1.50  -1.00  0.00 -14.10
 -1.50  -1.50  0.00 -21.38
 1.50  -1.50  0.00 -14.14
 -1.50  -2.00  0.00 -23.29
 1.50  -2.00  0.00 -15.74
 -2.00  0.00  0.00 -15.68
 -2.00  -0.50  0.00 -17.25
 -2.00  0.50  0.00 -13.53
 -2.00  -1.00  0.00 -20.46
 -2.00  -1.50  0.00 -20.73
 -2.00  -2.00  0.00 -21.51
