 0.00  0.00  0.00 -9.68
 0.00  -0.50  0.00 -11.63
 0.00  0.50  0.00 -9.67
 0.00  -1.00  0.00 -13.94
 0.00  -1.50  0.00 -20.30
 0.00  -2.00  0.00 -16.02
 -0.50  0.00  0.00 -9.35
 0.50  0.00  0.00 -8.88
 -0.50  -0.50  0.00 -10.90
 -0.50  0.50  0.00 -8.76
 0.50  -0.50  0.00 -10.62
 0.50  0.50  0.00 -9.01
 -0.50  -1.00  0.00 -12.39
 0.50  -1.00  0.00 -13.32
 -0.50  -1.50  0.00 -14.00
 0.50  -1.50  0.00 -14.72
 -0.50  -2.00  0.00 -13.14
 0.50  -2.00  0.00 -15.84
 -1.00  0.00  0.00 -8.60
 1.00  0.00  0.00 -10.37
 -1.00  -0.50  0.00 -9.05
 -1.00  0.50  0.00 -8.94
 1.00  -0.50  0.00 -10.68
 1.00  0.50  0.00 -9.58
 -1.00  -1.00  0.00 -11.06
 1.00  -1.00  0.00 -12.53
 -1.00  -1.50  0.00 -11.17
 1.00  -1.50  0.00 -13.51
 -1.00  -2.00  0.00 -12.07
 1.00  -2.00  0.00 -14.62
 -1.50  0.00  0.00 -9.19
 1.50  0.00  0.00 -7.49
 -1.50  -0.50  0.00 -8.30
 -1.50  0.50  0.00 -7.47
 1.50  -0.50  0.00 -7.70
 1.50  0.50  0.00 -8.03
 -1.50  -1.00  0.00 -11.51
 1.50  -1.00  0.00 -10.95
 -1.50  -1.50  0.00 -11.11
 1.50  -1.50  0.00 -12.09
 -1.50  -2.00  0.00 -11.73
 1.50  -2.00  0.00 -13.01
 -2.00  0.00  0.00 -7.45
 -2.00  -0.50  0.00 -6.92
 -2.00  0.50  0.00 -4.33
 -2.00  -1.00  0.00 -10.56
 -2.00  -1.50  0.00 -10.36
 -2.00  -2.00  0.00 -11.91
