 0.00  0.00  0.00 15.36
 0.00  -0.50  0.00 12.82
 0.00  0.50  0.00 15.82
 0.00  -1.00  0.00 10.16
 0.00  -1.50  0.00 4.20
 0.00  -2.00  0.00 6.89
 -0.50  0.00  0.00 14.73
 0.50  0.00  0.00 15.40
 -0.50  -0.50  0.00 12.87
 -0.50  0.50  0.00 16.14
 0.50  -0.50  0.00 13.23
 0.50  0.50  0.00 15.55
 -0.50  -1.00  0.00 11.53
 0.50  -1.00  0.00 10.60
 -0.50  -1.50  0.00 9.63
 0.50  -1.50  0.00 9.17
 -0.50  -2.00  0.00 7.93
 0.50  -2.00  0.00 8.66
 -1.00  0.00  0.00 16.49
 1.00  0.00  0.00 13.49
 -1.00  -0.50  0.00 14.61
 -1.00  0.50  0.00 16.09
 1.00  -0.50  0.00 12.80
 1.00  0.50  0.00 14.66
 -1.00  -1.00  0.00 12.48
 1.00  -1.00  0.00 11.47
 -1.00  -1.50  0.00 11.83
 1.00  -1.50  0.00 11.18
 -1.00  -2.00  0.00 8.90
 1.00  -2.00  0.00 8.34
 -1.50  0.00  0.00 16.06
 1.50  0.00  0.00 15.55
 -1.50  -0.50  0.00 14.69
 -1.50  0.50  0.00 16.81
 1.50  -0.50  0.00 15.49
 1.50  0.50  0.00 16.14
 -1.50  -1.00  0.00 12.19
 1.50  -1.00  0.00 11.13
 -1.50  -1.50  0.00 11.68
 1.50  -1.50  0.00 11.07
 -1.50  -2.00  0.00 9.51
 1.50  -2.00  0.00 10.18
 -2.00  0.00  0.00 16.70
 -2.00  -0.50  0.00 13.83
 -2.00  0.50  0.00 17.54
 -2.00  -1.00  0.00 12.06
 -2.00  -1.50  0.00 12.41
 -2.00  -2.00  0.00 9.94
