 0.00  0.00  0.00 6.19
 0.00  -0.50  0.00 3.20
 0.00  0.50  0.00 6.60
 0.00  -1.00  0.00 1.14
 0.00  -1.50  0.00 -4.10
 0.00  -2.00  0.00 -3.94
 -0.50  0.00  0.00 6.99
 0.50  0.00  0.00 6.42
 -0.50  -0.50  0.00 4.32
 -0.50  0.50  0.00 7.76
 0.50  -0.50  0.00 3.90
 0.50  0.50  0.00 6.08
 -0.50  -1.00  0.00 2.90
 0.50  -1.00  0.00 1.67
 -0.50  -1.50  0.00 1.08
 0.50  -1.50  0.00 -0.06
 -0.50  -2.00  0.00 -2.65
 0.50  -2.00  0.00 -2.99
 -1.00  0.00  0.00 8.09
 1.00  0.00  0.00 5.85
 -1.00  -0.50  0.00 5.77
 -1.00  0.50  0.00 7.86
 1.00  -0.50  0.00 4.40
 1.00  0.50  0.00 6.36
 -1.00  -1.00  0.00 3.65
 1.00  -1.00  0.00 2.55
 -1.00  -1.50  0.00 2.49
 1.00  -1.50  0.00 1.29
 -1.00  -2.00  0.00 0.07
 1.00  -2.00  0.00 -0.09
 -1.50  0.00  0.00 8.71
 1.50  0.00  0.00 7.45
 -1.50  -0.50  0.00 5.96
 -1.50  0.50  0.00 8.57
 1.50  -0.50  0.00 6.02
 1.50  0.50  0.00 7.54
 -1.50  -1.00  0.00 4.16
 1.50  -1.00  0.00 2.40
 -1.50  -1.50  0.00 2.20
 1.50  -1.50  0.00 2.57
 -1.50  -2.00  0.00 0.31
 1.50  -2.00  0.00 1.85
 -2.00  0.00  0.00 9.47
 -2.00  -0.50  0.00 5.15
 -2.00  0.50  0.00 10.03
 -2.00  -1.00  0.00 2.66
 -2.00  -1.50  0.00 4.01
 -2.00  -2.00  0.00 1.77
