 0.00  0.00  0.00 -8.78
 0.00  -0.50  0.00 -9.63
 0.00  0.50  0.00 -8.10
 0.00  -1.00  0.00 -12.75
 0.00  -1.50  0.00 -17.71
 0.00  -2.00  0.00 -15.16
 -0.50  0.00  0.00 -6.85
 0.50  0.00  0.00 -9.30
 -0.50  -0.50  0.00 -8.75
 -0.50  0.50  0.00 -6.28
 0.50  -0.50  0.00 -9.38
 0.50  0.50  0.00 -8.86
 -0.50  -1.00  0.00 -11.88
 0.50  -1.00  0.00 -11.35
 -0.50  -1.50  0.00 -15.79
 0.50  -1.50  0.00 -10.35
 -0.50  -2.00  0.00 -19.38
 0.50  -2.00  0.00 -9.52
 -1.00  0.00  0.00 -7.43
 1.00  0.00  0.00 -8.40
 -1.00  -0.50  0.00 -9.98
 -1.00  0.50  0.00 -7.46
 1.00  -0.50  0.00 -7.71
 1.00  0.50  0.00 -7.63
 -1.00  -1.00  0.00 -13.35
 1.00  -1.00  0.00 -9.30
 -1.00  -1.50  0.00 -14.63
 1.00  -1.50  0.00 -8.17
 -1.00  -2.00  0.00 -17.78
 1.00  -2.00  0.00 -5.70
 -1.50  0.00  0.00 -10.38
 1.50  0.00  0.00 -8.34
 -1.50  -0.50  0.00 -10.68
 -1.50  0.50  0.00 -8.69
 1.50  -0.50  0.00 -7.18
 1.50  0.50  0.00 -7.65
 -1.50  -1.00  0.00 -13.77
 1.50  -1.00  0.00 -7.44
 -1.50  -1.50  0.00 -16.61
 1.50  -1.50  0.00 -6.75
 -1.50  -2.00  0.00 -19.67
 1.50  -2.00  0.00 -4.99
 -2.00  0.00  0.00 -8.86
 -2.00  -0.50  0.00 -11.42
 -2.00  0.50  0.00 -8.15
 -2.00  -1.00  0.00 -14.80
 -2.00  -1.50  0.00 -16.60
 -2.00  -2.00  0.00 -17.98
