 0.00  0.00  0.00 0.68
 0.00  -0.25  0.00 -0.37
 0.00  0.25  0.00 1.35
 0.00  -0.50  0.00 -1.05
 0.00  0.50  0.00 2.02
 0.00  -0.75  0.00 -2.49
 0.00  -1.00  0.00 -4.13
 0.00  -1.25  0.00 -5.00
 0.00  -1.50  0.00 -9.47
 0.00  -1.75  0.00 -12.45
 0.00  -2.00  0.00 -12.53
 -0.25  0.00  0.00 2.02
 0.25  0.00  0.00 0.38
 -0.25  -0.25  0.00 2.14
 -0.25  0.25  0.00 1.65
 0.25  -0.25  0.00 -0.17
 0.25  0.25  0.00 1.20
 -0.25  -0.50  0.00 0.27
 -0.25  0.50  0.00 3.41
 0.25  -0.50  0.00 -2.39
 0.25  0.50  0.00 1.31
 -0.25  -0.75  0.00 -0.97
 0.25  -0.75  0.00 -2.82
 -0.25  -1.00  0.00 -1.58
 0.25  -1.00  0.00 -4.23
 -0.25  -1.25  0.00 -3.33
 0.25  -1.25  0.00 -5.19
 -0.25  -1.50  0.00 -5.21
 0.25  -1.50  0.00 -7.35
 -0.25  -1.75  0.00 -8.99
 0.25  -1.75  0.00 -9.30
 -0.25  -2.00  0.00 -10.26
 0.25  -2.00  0.00 -11.15
 -0.50  0.00  0.00 2.60
 0.50  0.00  0.00 1.17
 -0.50  -0.25  0.00 2.05
 -0.50  0.25  0.00 2.55
 0.50  -0.25  0.00 0.63
 0.50  0.25  0.00 1.02
 -0.50  -0.50  0.00 0.29
 -0.50  0.50  0.00 3.89
 0.50  -0.50  0.00 -1.06
 0.50  0.50  0.00 1.48
 -0.50  -0.75  0.00 -0.83
 0.50  -0.75  0.00 -2.00
 -0.50  -1.00  0.00 -1.57
 0.50  -1.00  0.00 -3.18
 -0.50  -1.25  0.00 -3.26
 0.50  -1.25  0.00 -3.55
 -0.50  -1.50  0.00 -4.40
 0.50  -1.50  0.00 -5.62
 -0.50  -1.75  0.00 -6.14
 0.50  -1.75  0.00 -7.28
 -0.50  -2.00  0.00 -7.89
 0.50  -2.00  0.00 -9.21
 -0.75  0.00  0.00 2.43
 0.75  0.00  0.00 1.07
 -0.75  -0.25  0.00 0.72
 -0.75  0.25  0.00 3.24
 0.75  -0.25  0.00 0.42
 0.75  0.25  0.00 2.43
 -0.75  -0.50  0.00 0.71
 -0.75  0.50  0.00 3.94
 0.75  -0.50  0.00 -0.93
 0.75  0.50  0.00 2.74
 -0.75  -0.75  0.00 0.37
 0.75  -0.75  0.00 -0.38
 -0.75  -1.00  0.00 -0.49
 0.75  -1.00  0.00 -3.26
 -0.75  -1.25  0.00 -1.04
 0.75  -1.25  0.00 -4.56
 -0.75  -1.50  0.00 -2.90
 0.75  -1.50  0.00 -5.70
 -0.75  -1.75  0.00 -5.16
 0.75  -1.75  0.00 -7.49
 -0.75  -2.00  0.00 -5.91
 0.75  -2.00  0.00 -8.81
 -1.00  0.00  0.00 2.61
 1.00  0.00  0.00 1.76
 -1.00  -0.25  0.00 3.19
 -1.00  0.25  0.00 2.57
 1.00  -0.25  0.00 1.69
 1.00  0.25  0.00 2.28
 -1.00  -0.50  0.00 2.13
 -1.00  0.50  0.00 3.39
 1.00  -0.50  0.00 -0.18
 1.00  0.50  0.00 2.79
 -1.00  -0.75  0.00 1.22
 1.00  -0.75  0.00 -1.62
 -1.00  -1.00  0.00 -0.72
 1.00  -1.00  0.00 -2.94
 -1.00  -1.25  0.00 -1.45
 1.00  -1.25  0.00 -2.89
 -1.00  -1.50  0.00 -2.30
 1.00  -1.50  0.00 -5.02
 -1.00  -1.75  0.00 -2.58
 1.00  -1.75  0.00 -5.86
 -1.00  -2.00  0.00 -3.34
 1.00  -2.00  0.00 -5.39
 -1.25  0.00  0.00 3.80
 1.25  0.00  0.00 0.93
 -1.25  -0.25  0.00 3.21
 -1.25  0.25  0.00 3.77
 1.25  -0.25  0.00 -0.36
 1.25  0.25  0.00 1.78
 -1.25  -0.50  0.00 1.73
 -1.25  0.50  0.00 3.62
 1.25  -0.50  0.00 -0.72
 1.25  0.50  0.00 2.96
 -1.25  -0.75  0.00 0.28
 1.25  -0.75  0.00 -0.43
 -1.25  -1.00  0.00 -1.23
 1.25  -1.00  0.00 -1.67
 -1.25  -1.25  0.00 -1.79
 1.25  -1.25  0.00 -3.25
 -1.25  -1.50  0.00 -0.73
 1.25  -1.50  0.00 -3.17
 -1.25  -1.75  0.00 -2.88
 1.25  -1.75  0.00 -4.23
 -1.25  -2.00  0.00 -5.10
 1.25  -2.00  0.00 -6.02
 -1.50  0.00  0.00 4.51
 1.50  0.00  0.00 1.54
 -1.50  -0.25  0.00 3.19
 -1.50  0.25  0.00 4.32
 1.50  -0.25  0.00 1.93
 1.50  0.25  0.00 2.36
 -1.50  -0.50  0.00 1.30
 -1.50  0.50  0.00 4.90
 1.50  -0.50  0.00 0.10
 1.50  0.50  0.00 3.06
 -1.50  -0.75  0.00 -0.42
 1.50  -0.75  0.00 -1.69
 -1.50  -1.00  0.00 0.46
 1.50  -1.00  0.00 -3.14
 -1.50  -1.25  0.00 -0.61
 1.50  -1.25  0.00 -3.65
 -1.50  -1.50  0.00 -1.00
 1.50  -1.50  0.00 -3.00
 -1.50  -1.75  0.00 -2.92
 1.50  -1.75  0.00 -3.89
 -1.50  -2.00  0.00 -2.74
 1.50  -2.00  0.00 -5.05
 -1.75  0.00  0.00 3.74
 -1.75  -0.25  0.00 2.63
 -1.75  0.25  0.00 3.45
 -1.75  -0.50  0.00 1.70
 -1.75  0.50  0.00 4.41
 -1.75  -0.75  0.00 1.27
 -1.75  -1.00  0.00 0.49
 -1.75  -1.25  0.00 -0.16
 -1.75  -1.50  0.00 -0.33
 -1.75  -1.75  0.00 -2.08
 -1.75  -2.00  0.00 -0.88
 -2.00  0.00  0.00 4.38
 -2.00  -0.25  0.00 2.92
 -2.00  0.25  0.00 3.86
 -2.00  -0.50  0.00 1.55
 -2.00  0.50  0.00 5.06
 -2.00  -0.75  0.00 0.04
 -2.00  -1.00  0.00 0.49
 -2.00  -1.25  0.00 0.51
 -2.00  -1.50  0.00 0.15
 -2.00  -1.75  0.00 -0.30
 -2.00  -2.00  0.00 -1.91
