 0.00  0.00  0.00 14.69
 0.00  -0.50  0.00 12.70
 0.00  0.50  0.00 15.24
 0.00  -1.00  0.00 9.64
 0.00  -1.50  0.00 4.39
 0.00  -2.00  0.00 8.29
 -0.50  0.00  0.00 14.28
 0.50  0.00  0.00 15.22
 -0.50  -0.50  0.00 12.97
 -0.50  0.50  0.00 15.41
 0.50  -0.50  0.00 13.43
 0.50  0.50  0.00 14.92
 -0.50  -1.00  0.00 11.48
 0.50  -1.00  0.00 10.74
 -0.50  -1.50  0.00 10.04
 0.50  -1.50  0.00 9.14
 -0.50  -2.00  0.00 10.17
 0.50  -2.00  0.00 9.04
 -1.00  0.00  0.00 15.36
 1.00  0.00  0.00 12.83
 -1.00  -0.50  0.00 15.53
 -1.00  0.50  0.00 15.64
 1.00  -0.50  0.00 14.05
 1.00  0.50  0.00 14.17
 -1.00  -1.00  0.00 12.73
 1.00  -1.00  0.00 11.97
 -1.00  -1.50  0.00 13.48
 1.00  -1.50  0.00 11.46
 -1.00  -2.00  0.00 9.89
 1.00  -2.00  0.00 8.97
 -1.50  0.00  0.00 14.45
 1.50  0.00  0.00 15.25
 -1.50  -0.50  0.00 16.25
 -1.50  0.50  0.00 16.35
 1.50  -0.50  0.00 16.68
 1.50  0.50  0.00 15.52
 -1.50  -1.00  0.00 12.07
 1.50  -1.00  0.00 11.99
 -1.50  -1.50  0.00 12.79
 1.50  -1.50  0.00 11.60
 -1.50  -2.00  0.00 10.44
 1.50  -2.00  0.00 10.68
 -2.00  0.00  0.00 15.15
 -2.00  -0.50  0.00 16.64
 -2.00  0.50  0.00 17.51
 -2.00  -1.00  0.00 12.58
 -2.00  -1.50  0.00 12.37
 -2.00  -2.00  0.00 11.33
