 0.00  0.00  0.00 1.10
 0.00  -0.25  0.00 -0.35
 0.00  0.25  0.00 1.75
 0.00  -0.50  0.00 -0.32
 0.00  0.50  0.00 1.94
 0.00  -0.75  0.00 -2.18
 0.00  -1.00  0.00 -3.81
 0.00  -1.25  0.00 -5.10
 0.00  -1.50  0.00 -8.04
 0.00  -1.75  0.00 -12.38
 0.00  -2.00  0.00 -11.91
 -0.25  0.00  0.00 1.80
 0.25  0.00  0.00 1.02
 -0.25  -0.25  0.00 1.82
 -0.25  0.25  0.00 2.45
 0.25  -0.25  0.00 0.33
 0.25  0.25  0.00 1.12
 -0.25  -0.50  0.00 0.44
 -0.25  0.50  0.00 2.96
 0.25  -0.50  0.00 -1.15
 0.25  0.50  0.00 1.51
 -0.25  -0.75  0.00 -0.62
 0.25  -0.75  0.00 -2.89
 -0.25  -1.00  0.00 -2.56
 0.25  -1.00  0.00 -3.43
 -0.25  -1.25  0.00 -3.29
 0.25  -1.25  0.00 -4.08
 -0.25  -1.50  0.00 -6.32
 0.25  -1.50  0.00 -6.32
 -0.25  -1.75  0.00 -10.87
 0.25  -1.75  0.00 -8.17
 -0.25  -2.00  0.00 -10.86
 0.25  -2.00  0.00 -10.55
 -0.50  0.00  0.00 2.29
 0.50  0.00  0.00 2.25
 -0.50  -0.25  0.00 0.99
 -0.50  0.25  0.00 2.35
 0.50  -0.25  0.00 0.73
 0.50  0.25  0.00 1.30
 -0.50  -0.50  0.00 -0.05
 -0.50  0.50  0.00 3.27
 0.50  -0.50  0.00 0.32
 0.50  0.50  0.00 1.43
 -0.50  -0.75  0.00 -1.44
 0.50  -0.75  0.00 -1.11
 -0.50  -1.00  0.00 -2.81
 0.50  -1.00  0.00 -2.04
 -0.50  -1.25  0.00 -4.35
 0.50  -1.25  0.00 -2.22
 -0.50  -1.50  0.00 -5.90
 0.50  -1.50  0.00 -4.83
 -0.50  -1.75  0.00 -8.37
 0.50  -1.75  0.00 -6.57
 -0.50  -2.00  0.00 -10.93
 0.50  -2.00  0.00 -8.56
 -0.75  0.00  0.00 1.03
 0.75  0.00  0.00 2.61
 -0.75  -0.25  0.00 0.67
 -0.75  0.25  0.00 2.69
 0.75  -0.25  0.00 2.05
 0.75  0.25  0.00 3.25
 -0.75  -0.50  0.00 0.63
 -0.75  0.50  0.00 2.99
 0.75  -0.50  0.00 0.85
 0.75  0.50  0.00 3.63
 -0.75  -0.75  0.00 -0.90
 0.75  -0.75  0.00 0.47
 -0.75  -1.00  0.00 -1.32
 0.75  -1.00  0.00 -1.34
 -0.75  -1.25  0.00 -3.40
 0.75  -1.25  0.00 -2.27
 -0.75  -1.50  0.00 -5.92
 0.75  -1.50  0.00 -4.77
 -0.75  -1.75  0.00 -8.84
 0.75  -1.75  0.00 -7.21
 -0.75  -2.00  0.00 -9.42
 0.75  -2.00  0.00 -7.70
 -1.00  0.00  0.00 2.56
 1.00  0.00  0.00 2.86
 -1.00  -0.25  0.00 2.43
 -1.00  0.25  0.00 2.66
 1.00  -0.25  0.00 2.40
 1.00  0.25  0.00 2.57
 -1.00  -0.50  0.00 0.45
 -1.00  0.50  0.00 2.14
 1.00  -0.50  0.00 1.14
 1.00  0.50  0.00 3.57
 -1.00  -0.75  0.00 -1.86
 1.00  -0.75  0.00 -0.86
 -1.00  -1.00  0.00 -3.39
 1.00  -1.00  0.00 -1.24
 -1.00  -1.25  0.00 -4.70
 1.00  -1.25  0.00 -1.77
 -1.00  -1.50  0.00 -5.67
 1.00  -1.50  0.00 -5.35
 -1.00  -1.75  0.00 -5.66
 1.00  -1.75  0.00 -5.11
 -1.00  -2.00  0.00 -6.75
 1.00  -2.00  0.00 -4.90
 -1.25  0.00  0.00 2.20
 1.25  0.00  0.00 0.99
 -1.25  -0.25  0.00 1.27
 -1.25  0.25  0.00 3.19
 1.25  -0.25  0.00 1.45
 1.25  0.25  0.00 2.51
 -1.25  -0.50  0.00 -0.77
 -1.25  0.50  0.00 2.46
 1.25  -0.50  0.00 1.17
 1.25  0.50  0.00 4.78
 -1.25  -0.75  0.00 -3.04
 1.25  -0.75  0.00 0.58
 -1.25  -1.00  0.00 -3.73
 1.25  -1.00  0.00 -1.85
 -1.25  -1.25  0.00 -4.00
 1.25  -1.25  0.00 -1.83
 -1.25  -1.50  0.00 -3.37
 1.25  -1.50  0.00 -2.57
 -1.25  -1.75  0.00 -6.25
 1.25  -1.75  0.00 -3.50
 -1.25  -2.00  0.00 -10.46
 1.25  -2.00  0.00 -5.50
 -1.50  0.00  0.00 0.00
 1.50  0.00  0.00 2.82
 -1.50  -0.25  0.00 0.43
 -1.50  0.25  0.00 2.52
 1.50  -0.25  0.00 2.34
 1.50  0.25  0.00 3.27
 -1.50  -0.50  0.00 -1.12
 -1.50  0.50  0.00 2.38
 1.50  -0.50  0.00 0.65
 1.50  0.50  0.00 3.22
 -1.50  -0.75  0.00 -3.73
 1.50  -0.75  0.00 -1.78
 -1.50  -1.00  0.00 -2.82
 1.50  -1.00  0.00 -1.70
 -1.50  -1.25  0.00 -2.82
 1.50  -1.25  0.00 -2.06
 -1.50  -1.50  0.00 -4.11
 1.50  -1.50  0.00 -0.51
 -1.50  -1.75  0.00 -9.16
 1.50  -1.75  0.00 -2.35
 -1.50  -2.00  0.00 -7.81
 1.50  -2.00  0.00 -3.28
 -1.75  0.00  0.00 0.06
 -1.75  -0.25  0.00 -0.31
 -1.75  0.25  0.00 0.36
 -1.75  -0.50  0.00 -1.42
 -1.75  0.50  0.00 1.70
 -1.75  -0.75  0.00 -2.03
 -1.75  -1.00  0.00 -1.68
 -1.75  -1.25  0.00 -2.98
 -1.75  -1.50  0.00 -7.05
 -1.75  -1.75  0.00 -6.62
 -1.75  -2.00  0.00 -5.03
 -2.00  0.00  0.00 0.66
 -2.00  -0.25  0.00 -0.26
 -2.00  0.25  0.00 0.78
 -2.00  -0.50  0.00 -1.33
 -2.00  0.50  0.00 1.73
 -2.00  -0.75  0.00 -1.82
 -2.00  -1.00  0.00 -3.49
 -2.00  -1.25  0.00 -5.57
 -2.00  -1.50  0.00 -5.60
 -2.00  -1.75  0.00 -5.48
 -2.00  -2.00  0.00 -4.59
